1	3.749543
10	3.180723
100	2.6538463
1000	3.2842104
1001	3.3172147
1002	3.4473684
1003	2.3050847
1004	3.05424
1005	3.039179
1006	4.0335135
1007	3.2547169
1008	3.8051546
1009	2.952756
101	3.3727272
1010	2.9647887
1011	3.294257
1012	3.6031747
1013	3.4212599
1014	2.7635658
1015	3.8632183
1016	2.2135923
1017	4.192128
1018	3.2506528
1019	2.442029
102	2.7363636
1020	4.285618
1021	3.722303
1022	3.286453
1023	3.1411765
1024	3.4808362
1025	3.022152
1026	3.4066076
1027	3.4254007
1028	2.8285713
1029	2.932773
103	3.6555023
1030	3.1705883
1031	3.98
1032	3.8384452
1033	2.6811023
1034	2.4913793
1035	3.493558
1036	3.347619
1037	2.8463
1038	3.5278687
1039	3.2973473
104	3.6977143
1040	3.5099602
1041	3.7316356
1042	3.328255
1043	3.2942026
1044	3.4471138
1045	3.5557706
1046	3.3701158
1047	3.6442492
1048	2.9863183
1049	2.6958854
105	3.1302083
1050	3.7380028
1051	3.3356643
1052	3.109489
1053	2.5375
1054	2.5344827
1055	3.3302147
1056	3.1377952
1057	3.5
1058	3.751241
1059	1.8176795
106	4.0978723
1060	2.9382913
1061	3.534397
1062	3.0873635
1063	3.215311
1064	2.9052632
1065	2.5134327
1066	3.7582781
1067	3.387097
1068	3.3226678
1069	3.944976
107	3.3522315
1070	2.8445747
1071	2.4798386
1072	4.3984575
1073	4.0707855
1074	3.725945
1075	3.045977
1076	3.7894738
1077	3.59772
1078	2.5861027
1079	3.28115
108	3.1673152
1080	2.9373732
1081	2.661017
1082	2.7701864
1083	3.0200572
1084	3.8101118
1085	3.0641823
1086	3.8339767
1087	3.0687904
1088	2.8653061
1089	3.7119539
109	2.6770642
1090	3.460177
1091	2.7419355
1092	3.3112314
1093	2.590909
1094	3.4984694
1095	2.64467
1096	3.307926
1097	2.8141809
1098	4.1238017
1099	3.314655
11	3.030303
110	3.033812
1100	2.2541091
1101	3.2102041
1102	3.5687034
1103	3.783269
1104	3.1303394
1105	3.0734966
1106	2.5217392
1107	3.2786884
1108	3.3474178
1109	4.088608
111	3.0828824
1110	4.0681458
1111	3.5874572
1112	3.2814372
1113	3.3342319
1114	3.198895
1115	2.8088236
1116	3.1026063
1117	1.9711539
1118	3.7743506
1119	2.921659
112	3.004184
1120	3.3181689
1121	3.07393
1122	2.4886363
1123	3.7948718
1124	3.178788
1125	1.9333333
1126	3.7850256
1127	1.8541666
1128	2.6306818
1129	3.7693388
113	3.88514
1130	3.4123013
1131	2.0136986
1132	3.3082807
1133	1.931217
1134	3.5336125
1135	4.185567
1136	3.7029703
1137	3.0236886
1138	2.941372
1139	4.183359
114	3.3668225
1140	3.1027927
1141	3.0348258
1142	3.3360167
1143	3.1543307
1144	3.9625022
1145	3.1837265
1146	3.0578313
1147	2.7428572
1148	3.8463998
1149	3.7303371
115	3.5390391
1150	2.8108974
1151	2.858235
1152	2.7916667
1153	2.857143
1154	3.0150754
1155	3.8232663
1156	2.1648648
1157	2.8474295
1158	3.368421
1159	3.3372092
116	3.5390763
1160	3.400375
1161	3.0166667
1162	3.3767605
1163	3.50295
1164	3.1948776
1165	2.9233449
1166	2.8313253
1167	3.1505883
1168	2.9660575
1169	3.7894738
117	3.4617736
1170	3.0556097
1171	3.0774193
1172	2.7801557
1173	3.75459
1174	3.9565523
1175	3.4396436
1176	3.5793383
1177	2.1229508
1178	3.3934426
1179	3.6900158
118	3.4329522
1180	3.9748187
1181	3.0714285
1182	3.4401295
1183	2.1419356
1184	3.141791
1185	2.1846154
1186	2.974551
1187	3.3120806
1188	2.9323308
1189	3.238372
119	2.6979167
1190	3.109375
1191	3.277873
1192	2.897436
1193	3.0
1194	3.108108
1195	3.3890548
1196	3.5370371
1197	2.5886075
1198	3.2166667
1199	2.903226
12	3.4175825
120	2.4247787
1200	2.91843
1201	3.2449799
1202	3.7706585
1203	3.5070632
1204	3.1818182
1205	1.7676767
1206	3.4281843
1207	3.2435896
1208	4.003808
1209	2.8888888
121	3.6161616
1210	3.3371174
1211	2.8172839
1212	4.035714
1213	4.0046763
1214	3.4867256
1215	3.2329316
1216	3.4461362
1217	3.5011601
1218	3.3861344
1219	3.212264
122	2.9118865
1220	4.0102353
1221	3.5216541
1222	4.080266
1223	2.8117914
1224	3.9250927
1225	3.122984
1226	3.5457726
1227	1.4962406
1228	3.5014749
1229	3.2228136
123	2.8333333
1230	4.2487645
1231	3.8396475
1232	3.7134147
1233	3.005254
1234	3.475076
1235	2.7024794
1236	2.9535701
1237	2.9896507
1238	3.392857
1239	2.6267605
124	2.2662723
1240	3.180867
1241	3.1220338
1242	3.2076502
1243	4.09737
1244	2.369863
1245	3.1255128
1246	2.791111
1247	3.48
1248	3.1875901
1249	3.6424134
125	3.3707345
1250	3.480931
1251	3.0502512
1252	2.886872
1253	3.4944444
1254	3.0382059
1255	3.9058073
1256	4.3487043
1257	3.2384615
1258	3.5193133
1259	3.797671
126	3.201858
1260	3.1053154
1261	3.1056337
1262	3.2424343
1263	3.1208227
1264	3.5924115
1265	2.3548386
1266	3.2997034
1267	3.1186333
1268	3.0714285
1269	3.3655913
127	2.6303916
1270	3.22245
1271	3.692494
1272	3.7052631
1273	2.753807
1274	3.4232934
1275	3.5185184
1276	3.3989155
1277	4.175503
1278	3.331826
1279	3.2641509
128	3.2158272
1280	3.6046512
1281	2.7777777
1282	3.0518134
1283	3.5543478
1284	2.7560976
1285	2.8539822
1286	3.2649572
1287	2.9222221
1288	3.1717792
1289	2.7568836
129	2.148148
1290	3.6908078
1291	4.1420097
1292	3.1523986
1293	2.3545816
1294	2.6052632
1295	3.7071035
1296	2.5652952
1297	3.4414725
1298	3.1793158
1299	3.222706
13	4.552
130	2.2325583
1300	3.9753258
1301	2.6594594
1302	3.2443182
1303	3.3961606
1304	3.18797
1305	3.3488266
1306	3.8766918
1307	3.3109555
1308	3.1196582
1309	3.1333334
131	2.6950355
1310	2.70347
1311	3.0601504
1312	2.8032408
1313	3.4969199
1314	3.7973583
1315	3.189655
1316	3.7185535
1317	3.6368089
1318	2.7037594
1319	2.6539278
132	3.0746987
1320	2.9766083
1321	3.9947643
1322	2.6551723
1323	2.979686
1324	4.04395
1325	3.5609756
1326	3.670103
1327	3.1741292
1328	3.294355
1329	3.4157724
133	3.7378073
1330	3.344
1331	2.8660715
1332	2.826087
1333	2.7463236
1334	2.538961
1335	3.8613963
1336	3.0678322
1337	3.0185184
1338	3.157068
1339	3.0697675
134	2.131313
1340	3.2168674
1341	3.057325
1342	1.8015267
1343	2.832061
1344	2.728
1345	2.9461539
1346	3.6478791
1347	3.3127317
1348	2.523077
1349	3.390071
135	4.138021
1350	3.9025822
1351	3.7387755
1352	3.7875874
1353	3.7659805
1354	3.2861843
1355	3.687389
1356	2.9617486
1357	4.3819942
1358	3.697479
1359	3.459507
136	2.975
1360	2.3852327
1361	2.7908497
1362	3.2950819
1363	2.7474902
1364	3.5143957
1365	2.8737812
1366	2.8230913
1367	3.596664
1368	2.341772
1369	2.0904255
137	2.3921568
1370	3.789854
1371	2.5080214
1372	3.0141244
1373	3.7635803
1374	2.4274406
1375	3.3252246
1376	3.7886598
1377	3.4243176
1378	3.02454
1379	3.1538463
138	3.942234
1380	3.5648148
1381	3.074627
1382	2.15625
1383	2.3448277
1384	3.59682
1385	2.8971963
1386	3.067227
1387	2.6917148
1388	2.7651007
1389	3.9212925
139	2.5104167
1390	3.7156863
1391	3.3674073
1392	3.4106238
1393	2.7673469
1394	2.9349992
1395	4.0967374
1396	3.925197
1397	3.2619047
1398	3.2564104
1399	3.4132316
14	3.0254238
140	2.5294118
1400	2.7823033
1401	3.5844026
1402	4.033708
1403	2.7902737
1404	2.8666666
1405	3.604743
1406	3.40827
1407	3.1133006
1408	3.3707688
1409	4.2899733
141	2.9761906
1410	2.8461537
1411	2.974026
1412	3.2191875
1413	3.6443942
1414	2.419214
1415	3.038835
1416	3.6181817
1417	2.1181102
1418	4.464824
1419	2.963964
142	2.809816
1420	2.9340866
1421	3.4617224
1422	4.043103
1423	2.2629483
1424	2.8170164
1425	3.7015338
1426	2.7251308
1427	2.5377777
1428	3.536983
1429	2.2105262
143	3.8530316
1430	2.4086022
1431	2.9470198
1432	3.1304762
1433	3.6089108
1434	3.8660715
1435	4.0879617
1436	2.7932692
1437	3.3043478
1438	3.036286
1439	3.6285715
144	3.200692
1440	3.1652174
1441	4.279793
1442	3.5395684
1443	3.7550871
1444	3.9166667
1445	3.224138
1446	3.7677777
1447	3.0310845
1448	3.2723658
1449	2.2751677
145	3.0747254
1450	3.3527272
1451	2.6504297
1452	2.0363035
1453	3.4160757
1454	2.1893492
1455	3.0697072
1456	2.6576087
1457	3.0869565
1458	3.03125
1459	2.4196186
146	2.420765
1460	3.5756097
1461	3.4200914
1462	3.075209
1463	2.2416666
1464	2.5638888
1465	3.3935184
1466	3.7443597
1467	3.710241
1468	3.7157533
1469	2.530693
147	2.167939
1470	3.7811663
1471	3.3884866
1472	2.2375
1473	3.4771242
1474	2.8881118
1475	2.6443515
1476	4.469693
1477	3.3567839
1478	1.7979798
1479	3.3830884
148	3.3049474
1480	3.7470589
1481	3.0716739
1482	3.253189
1483	3.8034682
1484	3.1331592
1485	3.316088
1486	2.453125
1487	3.5436893
1488	3.870548
1489	2.82881
149	3.016129
1490	3.3777778
1491	3.8443708
1492	2.2092714
1493	3.1185186
1494	3.4708333
1495	4.3444223
1496	2.3658535
1497	2.7080293
1498	2.956044
1499	4.3607454
15	3.286207
150	2.883019
1500	4.0195913
1501	3.1435184
1502	3.0960622
1503	3.5202863
1504	3.0091324
1505	3.2447917
1506	3.7817073
1507	3.4822092
1508	3.8217053
1509	3.5541306
151	1.9545455
1510	3.189526
1511	3.0168068
1512	3.19375
1513	4.189868
1514	3.1461167
1515	2.7988667
1516	2.2328768
1517	2.0384614
1518	3.5940115
1519	2.049505
152	3.9340756
1520	3.144
1521	3.6068397
1522	2.6190476
1523	3.4842408
1524	3.0494967
1525	2.4584768
1526	3.3438566
1527	2.9069767
1528	3.8436372
1529	3.256536
153	2.7476635
1530	3.7406144
1531	3.3505375
1532	2.7904632
1533	3.3267326
1534	3.4068966
1535	3.8569183
1536	2.3598015
1537	2.9583333
1538	3.15625
1539	2.887218
154	2.943038
1540	2.3843536
1541	1.933798
1542	3.7589676
1543	3.3382103
1544	2.9746194
1545	2.3828125
1546	2.8515406
1547	3.9534657
1548	2.5394738
1549	2.9921875
155	3.5969388
1550	2.9164345
1551	3.539924
1552	3.7073743
1553	3.8513901
1554	2.6990292
1555	3.162162
1556	3.1961722
1557	3.0514019
1558	3.0336597
1559	3.265928
156	3.4951706
1560	3.3343701
1561	3.480293
1562	2.349835
1563	3.7332294
1564	3.672109
1565	3.436
1566	2.7261906
1567	2.6969697
1568	2.577922
1569	1.4977578
157	3.3787234
1570	2.0454545
1571	3.8261552
1572	3.6594725
1573	2.6859457
1574	2.5215828
1575	3.6375
1576	3.3849206
1577	3.3655913
1578	3.198738
1579	2.8735178
158	2.657754
1580	3.075846
1581	3.3983333
1582	3.5563002
1583	3.240566
1584	3.786207
1585	3.3506718
1586	2.7642858
1587	4.369863
1588	3.4691944
1589	3.5964391
159	3.932927
1590	3.9268627
1591	3.0338984
1592	3.0566502
1593	3.8080356
1594	3.0356255
1595	3.9790194
1596	3.7557101
1597	3.6217391
1598	2.7023153
1599	3.559418
16	3.098555
160	3.0077865
1600	2.9150875
1601	2.9702127
1602	2.6346385
1603	2.483871
1604	3.9277503
1605	2.8461537
1606	3.0690727
1607	2.8511565
1608	3.2392473
1609	3.2991452
161	3.853621
1610	3.8051305
1611	3.3125
1612	3.0429184
1613	2.7881694
1614	2.028302
1615	3.8141096
1616	3.968958
1617	2.3711658
1618	4.1895413
1619	3.755747
162	2.9599156
1620	3.4088051
1621	2.3370166
1622	2.8925714
1623	3.450593
1624	2.464567
1625	4.140838
1626	3.2098765
1627	3.801673
1628	3.545226
1629	3.514706
163	2.3782384
1630	3.0414746
1631	3.5975068
1632	3.093837
1633	3.4060328
1634	3.6717172
1635	2.4158416
1636	2.0829875
1637	3.5224981
1638	3.337046
1639	3.228395
164	2.6273005
1640	1.7623762
1641	2.8722222
1642	4.034212
1643	3.0915034
1644	4.071345
1645	3.2328346
1646	3.6495311
1647	3.9104972
1648	3.1536098
1649	2.375
165	3.9169574
1650	3.4870784
1651	2.8670695
1652	4.1444545
1653	2.7586207
1654	2.7556875
1655	3.3299768
1656	2.7237802
1657	2.4278076
1658	3.9387372
1659	3.6815155
166	3.5563328
1660	4.1237283
1661	3.5444067
1662	2.9787233
1663	2.6778524
1664	3.9375553
1665	3.3176444
1666	3.0009956
1667	3.3355818
1668	3.3385782
1669	3.8327403
167	4.0922303
1670	3.1314285
1671	2.3164556
1672	3.4884393
1673	3.4357097
1674	3.4169185
1675	3.3611112
1676	3.09887
1677	2.3861387
1678	3.496454
1679	3.8875804
168	3.2424242
1680	3.047619
1681	2.537383
1682	3.6879165
1683	3.0116618
1684	2.7565675
1685	2.5
1686	3.6243193
1687	3.4572513
1688	2.2786884
1689	3.9741185
169	3.3880596
1690	3.3092782
1691	3.565678
1692	4.1362123
1693	3.0004025
1694	3.6423328
1695	2.968504
1696	2.11
1697	3.8552148
1698	2.9357798
1699	3.46863
17	2.9032075
170	3.1813953
1700	3.582462
1701	2.6666667
1702	3.039501
1703	3.829944
1704	3.7518554
1705	3.67658
1706	2.9782608
1707	3.8018363
1708	3.947051
1709	3.6654022
171	3.742488
1710	3.7902098
1711	2.5846868
1712	3.2283106
1713	3.4931035
1714	2.8369565
1715	2.8858352
1716	2.993421
1717	3.4968355
1718	3.1329365
1719	3.0774107
172	3.127329
1720	3.6540542
1721	2.97232
1722	3.5177038
1723	2.4362657
1724	2.9275362
1725	1.5221374
1726	3.3566666
1727	2.8354578
1728	3.8081663
1729	3.5530503
173	3.5389087
1730	3.9962916
1731	2.6666667
1732	2.5512822
1733	3.4651933
1734	3.2786753
1735	3.637181
1736	2.8782609
1737	3.4839506
1738	2.8872728
1739	3.6010864
174	3.3193717
1740	2.7322834
1741	3.910891
1742	3.366013
1743	3.798556
1744	3.824489
1745	3.0097086
1746	3.410182
1747	3.2713177
1748	3.1523342
1749	3.3881729
175	4.0038476
1750	2.4035087
1751	2.6105769
1752	2.875
1753	3.4655173
1754	3.986139
1755	2.490196
1756	3.7437828
1757	3.475999
1758	3.3913043
1759	3.8961856
176	3.2666667
1760	3.1193848
1761	3.512605
1762	3.2772276
1763	2.210145
1764	3.4255319
1765	3.5863712
1766	3.9381177
1767	3.9166667
1768	2.9722059
1769	3.0685785
177	2.680498
1770	3.8859527
1771	2.6105447
1772	3.0288463
1773	3.913918
1774	3.621881
1775	3.0897665
1776	3.2090394
1777	3.2087913
1778	3.5370252
1779	3.34375
178	3.3728638
1780	3.1452916
1781	3.2100737
1782	2.983871
1783	3.551382
1784	3.6146178
1785	3.6969697
1786	3.340467
1787	2.9742575
1788	3.3375993
1789	4.122951
179	2.458042
1790	3.8392375
1791	1.6153846
1792	3.1524072
1793	3.6857798
1794	3.0579915
1795	4.240995
1796	2.764331
1797	3.2464116
1798	3.971317
1799	3.6600647
18	3.7843685
180	3.833747
1800	4.0387974
1801	3.7675953
1802	3.2899728
1803	3.4755497
1804	4.0296197
1805	3.0608695
1806	2.8742857
1807	2.5756578
1808	2.6111112
1809	2.6261683
181	2.6000562
1810	3.7012017
1811	2.0689654
1812	3.06383
1813	3.0390625
1814	3.397518
1815	3.60804
1816	2.5943315
1817	2.8335004
1818	3.8536103
1819	2.7814243
182	3.0811965
1820	2.8163266
1821	3.5467217
1822	3.0588236
1823	3.3594306
1824	3.1405406
1825	3.3818898
1826	2.7045455
1827	3.1422925
1828	2.7495825
1829	2.3137255
183	3.01227
1830	3.5748427
1831	2.8949044
1832	3.6027038
1833	2.9097102
1834	3.4056604
1835	2.8061225
1836	2.3978496
1837	3.2812622
1838	3.7801652
1839	3.0225265
184	3.3383458
1840	3.7484312
1841	3.097826
1842	3.7094762
1843	3.2191691
1844	3.3307498
1845	2.663904
1846	2.6549706
1847	2.6
1848	3.8345573
1849	3.1654136
185	3.0574663
1850	3.2279413
1851	3.4698277
1852	2.6551723
1853	3.4618614
1854	3.1797168
1855	3.2151394
1856	4.0665956
1857	3.9630952
1858	2.1666667
1859	3.0723684
186	3.378007
1860	3.8180172
1861	3.0835407
1862	3.1592321
1863	3.0199006
1864	2.6741574
1865	3.6953042
1866	2.9952183
1867	3.5681167
1868	3.3576643
1869	2.2406416
187	3.01217
1870	2.8442822
1871	3.5825243
1872	3.5696204
1873	2.6216216
1874	3.2448037
1875	2.9189188
1876	2.8266666
1877	3.9090848
1878	3.7395833
1879	2.994681
188	2.7618673
1880	3.530249
1881	2.8347108
1882	4.1278095
1883	2.869863
1884	3.1849263
1885	3.4000583
1886	2.8091872
1887	3.3243244
1888	2.3679245
1889	3.0086706
189	3.3464668
1890	3.740067
1891	2.9205923
1892	3.859736
1893	3.1538463
1894	3.1388888
1895	3.097113
1896	2.724359
1897	2.6341465
1898	3.198895
1899	2.9473684
19	3.3246753
190	2.0961537
1900	1.8790323
1901	3.6405811
1902	3.4290526
1903	2.259542
1904	3.6636364
1905	4.153908
1906	2.8329048
1907	3.4595745
1908	3.0451612
1909	3.0625
191	3.932202
1910	2.6022727
1911	3.7367501
1912	3.822805
1913	3.1892936
1914	3.1800554
1915	4.3523374
1916	2.8913043
1917	3.9942086
1918	3.1307333
1919	3.0
192	3.2
1920	2.2360249
1921	3.0368853
1922	2.9472759
1923	3.865226
1924	1.7596899
1925	3.4632046
1926	2.752485
1927	3.079365
1928	2.4019608
1929	3.0985222
193	2.9752066
1930	2.9124424
1931	3.646514
1932	3.1185102
1933	2.7194357
1934	2.9872727
1935	2.9356956
1936	2.8194444
1937	2.248497
1938	2.90099
1939	3.448255
194	3.134675
1940	3.663158
1941	4.164071
1942	3.264
1943	2.9232955
1944	2.902439
1945	3.1125953
1946	3.4213483
1947	4.448333
1948	2.7633379
1949	2.8010752
195	3.2972972
1950	2.6761904
1951	2.476
1952	2.7702703
1953	2.4246576
1954	2.873874
1955	3.2592592
1956	3.782867
1957	2.5643563
1958	3.142857
1959	3.7791603
196	3.4675324
1960	2.6495726
1961	3.6411483
1962	3.7505686
1963	2.981796
1964	3.4210527
1965	3.6149733
1966	2.0666666
1967	3.4567757
1968	3.1708333
1969	3.9928343
197	3.478932
1970	2.8044164
1971	3.2965906
1972	3.8148096
1973	3.5440729
1974	3.9724975
1975	2.8550951
1976	3.3567553
1977	3.1034484
1978	2.4453926
1979	3.3977273
198	3.0824742
1980	3.6331658
1981	3.302694
1982	2.7457628
1983	3.3413036
1984	2.6451614
1985	4.1065574
1986	3.0903955
1987	3.7755835
1988	3.55902
1989	2.4670658
199	3.893182
1990	2.985965
1991	2.5855856
1992	2.5357144
1993	2.2094595
1994	4.1864405
1995	2.557047
1996	2.95053
1997	3.5068965
1998	3.5137048
1999	3.0292208
2	3.5586207
20	3.1465516
200	3.007752
2000	3.6810753
2001	3.3146026
2002	2.2596154
2003	3.0222223
2004	2.8422496
2005	2.7083333
2006	2.4329813
2007	2.7480314
2008	2.9728
2009	3.3761373
201	3.4174008
2010	3.3820689
2011	3.248538
2012	3.3812444
2013	2.9558463
2014	3.0
2015	3.7867372
2016	3.7890143
2017	3.5192962
2018	3.980794
2019	4.4675
202	3.104712
2020	3.9221668
2021	3.260204
2022	3.5493212
2023	3.1783345
2024	3.7643209
2025	2.9270518
2026	3.5526316
2027	2.9352517
2028	2.7708082
2029	2.2791667
203	3.15625
2030	3.6016948
2031	2.7736626
2032	3.1421053
2033	3.1336648
2034	2.9650092
2035	2.6594203
2036	3.4130435
2037	3.5001197
2038	2.7207208
2039	3.7326732
204	2.7086957
2040	4.2474937
2041	3.2477877
2042	3.0795455
2043	3.777665
2044	2.4613094
2045	3.6924407
2046	2.374477
2047	3.1816666
2048	3.8136647
2049	3.0987654
205	3.3021443
2050	3.4745762
2051	3.5367782
2052	2.2892308
2053	2.9728916
2054	2.9448528
2055	3.3693879
2056	3.7513442
2057	4.3800797
2058	2.6344829
2059	3.7576602
206	3.8585765
2060	2.4156628
2061	2.3762376
2062	3.5210729
2063	3.3979108
2064	3.3434343
2065	2.240964
2066	3.5416667
2067	3.6002674
2068	3.9216301
2069	3.3440645
207	2.860465
2070	2.6666667
2071	2.5154638
2072	2.979302
2073	2.9512196
2074	4.0915256
2075	2.783186
2076	3.0930233
2077	3.4936547
2078	3.1734655
2079	2.832258
208	3.3588343
2080	3.3650959
2081	3.4591978
2082	2.5952382
2083	3.6490066
2084	2.958904
2085	3.7742946
2086	3.5053334
2087	2.1666667
2088	2.5320196
2089	3.8807018
209	4.160759
2090	3.072165
2091	3.030303
2092	3.0630631
2093	2.8033426
2094	3.6158535
2095	3.5575073
2096	2.7504976
2097	3.574845
2098	3.6952965
2099	2.9954443
21	3.4633029
210	3.151383
2100	2.8657818
2101	3.8537736
2102	4.581296
2103	3.5391247
2104	3.3399665
2105	3.3459716
2106	3.3884711
2107	3.3466136
2108	4.189387
2109	2.810419
211	3.5550458
2110	3.7622643
2111	4.0267463
2112	3.5197895
2113	3.1276839
2114	4.446714
2115	2.6330276
2116	2.3632479
2117	4.3937006
2118	3.148148
2119	2.7307692
212	2.7786517
2120	3.369361
2121	3.1548388
2122	3.6895938
2123	3.0611112
2124	3.0898876
2125	2.4525547
2126	4.151822
2127	2.777948
2128	3.9005303
2129	4.163062
213	3.4709938
2130	3.7589977
2131	2.2933478
2132	3.4624846
2133	3.4859288
2134	3.2863436
2135	3.6167076
2136	3.2709723
2137	2.790228
2138	3.235294
2139	3.5269568
214	2.919355
2140	3.2418866
2141	2.962733
2142	3.9416666
2143	2.9662163
2144	4.0799675
2145	3.5704226
2146	3.6646342
2147	3.327189
2148	3.3513513
2149	3.4946015
215	4.0625753
2150	3.1911514
2151	3.016129
2152	3.4253216
2153	3.2770972
2154	2.8341463
2155	2.486788
2156	2.7973373
2157	3.0105264
2158	4.0069447
2159	2.2415586
216	3.2182124
2160	3.8106313
2161	3.516163
2162	4.396755
2163	2.983649
2164	3.6689222
2165	3.1288056
2166	3.46
2167	3.7994454
2168	3.7795591
2169	3.1607897
217	2.9529412
2170	2.3385417
2171	3.746707
2172	4.4047914
2173	3.406678
2174	3.5769918
2175	3.5582254
2176	3.8018513
2177	3.3167412
2178	3.93598
2179	3.2135923
218	3.2260869
2180	3.1088436
2181	3.2993662
2182	2.968547
2183	2.9674418
2184	2.885906
2185	2.9528797
2186	3.7159088
2187	3.3636363
2188	3.5816832
2189	3.243328
219	2.6036036
2190	3.4948978
2191	3.6309524
2192	3.797545
2193	2.5352113
2194	3.951417
2195	4.1730266
2196	2.5060728
2197	2.878049
2198	3.0952382
2199	3.3294926
22	2.2463055
220	3.2579186
2200	3.016903
2201	2.2222223
2202	3.5351682
2203	4.157968
2204	3.3317757
2205	4.089706
2206	3.808028
2207	3.252101
2208	3.0684412
2209	3.7459464
221	3.4347825
2210	2.851852
2211	2.2251081
2212	3.8744256
2213	3.5792987
2214	3.3632479
2215	3.109589
2216	3.1494765
2217	2.974188
2218	3.7438788
2219	2.453125
222	2.6060605
2220	3.9353182
2221	3.802139
2222	3.1384616
2223	2.7462687
2224	2.96
2225	3.0684412
2226	3.6664295
2227	2.2395833
2228	3.842953
2229	2.9236498
223	4.2111917
2230	3.211297
2231	2.1136363
2232	3.364341
2233	1.9858156
2234	3.7521367
2235	2.6811492
2236	3.9559748
2237	4.040351
2238	2.9789474
2239	3.0032468
224	3.8314917
2240	2.915601
2241	2.8319328
2242	2.5494506
2243	3.49732
2244	2.719084
2245	2.1445782
2246	3.724541
2247	2.1888113
2248	3.441989
2249	3.5748792
225	2.733739
2250	3.3233695
2251	3.2050583
2252	3.628236
2253	2.6592593
2254	3.033006
2255	3.327381
2256	3.0772498
2257	2.7166667
2258	3.0783134
2259	3.9782608
226	2.4444444
2260	3.3039215
2261	2.9514563
2262	3.0192926
2263	2.7093024
2264	3.462264
2265	2.2744846
2266	3.0971103
2267	3.694737
2268	2.943662
2269	2.3833334
227	3.4172933
2270	2.857143
2271	3.5790613
2272	2.8155894
2273	3.5220587
2274	1.9375
2275	3.4597702
2276	2.1585793
2277	3.026449
2278	2.1084337
2279	3.4156215
228	2.831579
2280	3.2558138
2281	2.4810605
2282	3.3301206
2283	2.9146757
2284	2.880733
2285	3.3854806
2286	2.5950618
2287	2.9092646
2288	3.8882422
2289	2.7317073
229	3.8312883
2290	4.182621
2291	2.7068965
2292	3.4505813
2293	2.8292282
2294	2.7962086
2295	3.1804512
2296	3.7576087
2297	3.7811449
2298	3.0785341
2299	4.1276393
23	3.5560975
230	3.0952382
2300	3.9886496
2301	3.4231102
2302	3.2356436
2303	2.9121213
2304	3.2326972
2305	3.3834586
2306	3.1405776
2307	2.8451328
2308	2.994083
2309	2.7622378
231	2.9427083
2310	3.7852285
2311	3.680851
2312	3.5067568
2313	2.4
2314	3.556427
2315	3.9121287
2316	2.7089865
2317	3.2189782
2318	2.5396826
2319	3.9523551
232	3.1826768
2320	2.4210527
2321	4.3258786
2322	3.3405797
2323	3.6639676
2324	3.0996714
2325	3.7237353
2326	3.7228484
2327	3.3459458
2328	2.2802293
2329	3.6923923
233	3.2416267
2330	2.5844157
2331	3.427051
2332	3.7511091
2333	2.4934602
2334	2.9910715
2335	3.3122754
2336	3.2197802
2337	2.4265983
2338	3.0466955
2339	3.4689827
234	2.969072
2340	2.9434617
2341	3.0298507
2342	3.8637733
2343	2.840909
2344	2.9465775
2345	3.235955
2346	3.5830593
2347	1.963964
2348	3.6443424
2349	3.5080645
235	3.0248868
2350	3.5865288
2351	3.8975155
2352	3.2849073
2353	3.605042
2354	3.2454545
2355	3.5139666
2356	2.5006897
2357	4.0504203
2358	2.616505
2359	3.5308123
236	2.32
2360	4.1010094
2361	1.9113925
2362	3.91294
2363	3.687805
2364	3.0726256
2365	2.9652777
2366	3.1158557
2367	3.435484
2368	3.3011696
2369	3.7901785
237	3.3994253
2370	3.4509943
2371	4.0572443
2372	3.9099584
2373	2.8851352
2374	3.3007276
2375	3.5505059
2376	3.203685
2377	2.6953642
2378	4.083077
2379	3.7673097
238	3.6783726
2380	3.6410584
2381	2.9549181
2382	2.4685314
2383	3.5704064
2384	3.36731
2385	3.656128
2386	2.9629138
2387	3.556701
2388	3.2090163
2389	3.8496292
239	3.7680366
2390	3.3044446
2391	3.2991166
2392	3.5507247
2393	4.0683455
2394	3.3940756
2395	3.4596083
2396	3.0931678
2397	3.6201835
2398	4.0053396
2399	3.0743802
24	2.9939985
240	3.9484954
2400	2.7270932
2401	2.163158
2402	2.9230769
2403	3.9166667
2404	2.4907408
2405	4.1438394
2406	4.049479
2407	2.9367552
2408	3.9259803
2409	3.030546
241	4.157901
2410	3.2108433
2411	3.0999575
2412	3.673841
2413	3.5757575
2414	3.0926058
2415	2.3968253
2416	3.4690266
2417	2.7361112
2418	3.7063231
2419	3.1833334
242	3.9111578
2420	3.3150373
2421	3.0789473
2422	2.8692665
2423	3.086903
2424	3.7681565
2425	3.2708333
2426	1.4523809
2427	2.8811188
2428	2.3932583
2429	3.2953367
243	3.0252101
2430	4.11071
2431	3.608669
2432	2.2483745
2433	3.9776847
2434	3.0932202
2435	2.9160576
2436	2.7131147
2437	2.1785715
2438	2.3076923
2439	3.76
244	3.8666666
2440	4.0465302
2441	4.169609
2442	3.4565916
2443	3.9723287
2444	2.8832116
2445	2.9751244
2446	3.1197183
2447	3.4309309
2448	4.1110253
2449	3.486068
245	2.7802198
2450	2.3229167
2451	2.3244681
2452	4.434708
2453	2.7974684
2454	3.7288136
2455	2.425373
2456	3.984098
2457	3.625967
2458	2.806888
2459	3.3181818
246	3.1160092
2460	3.308666
2461	2.0434783
2462	3.692386
2463	3.734185
2464	3.5529354
2465	3.8651485
2466	2.8333333
2467	2.5488315
2468	3.5767326
2469	3.5200894
247	3.0321593
2470	3.5726423
2471	3.8811107
2472	2.8541527
2473	2.9238966
2474	3.4825397
2475	2.9961822
2476	3.95365
2477	2.534005
2478	3.6047623
2479	3.918644
248	3.6333387
2480	3.798627
2481	2.2403102
2482	3.0408685
2483	2.4391026
2484	1.8648648
2485	3.1800327
2486	3.5970664
2487	3.4444444
2488	3.1889763
2489	2.5681818
249	3.1827412
2490	3.322072
2491	3.2554111
2492	3.3333333
2493	3.43442
2494	2.4387755
2495	2.9991453
2496	3.4951856
2497	3.0944445
2498	3.6837971
2499	3.0477934
25	3.970174
250	3.4385512
2500	3.1919644
2501	2.6303031
2502	2.9565217
2503	3.7622323
2504	2.5612245
2505	3.7327878
2506	4.0656567
2507	2.701613
2508	2.2105262
2509	3.4913151
251	3.8803988
2510	3.0808647
2511	2.8761468
2512	3.3814564
2513	3.7068558
2514	3.6925418
2515	3.5294118
2516	2.764706
2517	3.6943128
2518	3.249482
2519	3.5560791
252	3.3904538
2520	2.869327
2521	2.7544737
2522	3.8233945
2523	3.907413
2524	3.3035915
2525	3.7959533
2526	4.0519233
2527	3.0886524
2528	3.2483208
2529	3.6433854
253	4.0679207
2530	3.4444444
2531	2.8039215
2532	4.146008
2533	3.3241518
2534	3.1710527
2535	3.510204
2536	2.8383234
2537	3.6290324
2538	1.9944751
2539	4.0099816
254	2.0421052
2540	3.3138685
2541	2.532646
2542	2.9345956
2543	2.835443
2544	3.6163523
2545	2.3253968
2546	1.9201388
2547	3.168565
2548	4.2992377
2549	3.196319
255	3.1423898
2550	2.7735848
2551	3.9831676
2552	2.9633334
2553	2.9777777
2554	3.5236366
2555	2.8549223
2556	3.5945122
2557	3.0
2558	2.8977132
2559	3.4861038
256	3.4407208
2560	2.6666667
2561	3.2295632
2562	2.0657895
2563	2.4932432
2564	2.8921568
2565	2.483258
2566	4.2602262
2567	3.4760957
2568	4.4619207
2569	2.6230366
257	3.9115765
2570	3.4477613
2571	3.4041095
2572	3.291634
2573	2.3979592
2574	2.7926347
2575	4.1888113
2576	3.3190184
2577	3.5693142
2578	3.728221
2579	3.035433
258	2.9512196
2580	3.5517745
2581	3.5051904
2582	3.121372
2583	3.1241136
2584	3.1724138
2585	3.9504366
2586	2.4939759
2587	2.6410255
2588	2.6979167
2589	2.8551533
259	3.2203197
2590	3.695683
2591	4.2173915
2592	3.022599
2593	3.2168674
2594	3.1472778
2595	3.5962787
2596	2.6478872
2597	3.2438478
2598	4.130435
2599	3.7615511
26	2.7937212
260	3.1560977
2600	2.7291667
2601	3.9071796
2602	1.8114285
2603	3.8074245
2604	3.1237113
2605	3.015244
2606	3.3475878
2607	2.2533333
2608	4.0756755
2609	2.868687
261	3.690114
2610	3.2905984
2611	3.3041475
2612	3.4063163
2613	4.091503
2614	2.057971
2615	3.0575297
2616	2.452174
2617	3.0818896
2618	3.953917
2619	3.1272728
262	3.71037
2620	3.3888888
2621	3.0453687
2622	3.2098138
2623	2.8559005
2624	3.0917873
2625	3.468085
2626	2.4892473
2627	2.97191
2628	3.6730769
2629	3.0486112
263	3.9844444
2630	3.5226586
2631	3.1757991
2632	2.968504
2633	3.2212389
2634	3.6644738
2635	3.4468086
2636	3.536842
2637	2.4155843
2638	4.111111
2639	2.9473684
264	2.8880596
2640	3.6043458
2641	2.9154787
2642	2.535885
2643	3.6142733
2644	3.4957411
2645	2.861607
2646	1.7894737
2647	3.031015
2648	3.3989637
2649	3.8219395
265	3.25
2650	2.9025974
2651	3.4286892
2652	3.6558824
2653	3.352423
2654	3.7180007
2655	3.164706
2656	3.331915
2657	3.0515463
2658	3.0447257
2659	3.2380369
266	3.0555556
2660	4.033439
2661	3.279441
2662	3.5406196
2663	2.8037841
2664	3.0259259
2665	4.0780144
2666	2.990909
2667	2.267857
2668	2.775552
2669	3.340136
267	3.686747
2670	2.8327527
2671	2.4957266
2672	2.0927835
2673	2.6850393
2674	3.7726
2675	2.499584
2676	3.7094016
2677	3.5247395
2678	2.821883
2679	2.518644
268	3.7114518
2680	3.2199528
2681	1.8482143
2682	3.4647887
2683	3.0307693
2684	2.7621222
2685	2.8054662
2686	3.4254346
2687	3.6545248
2688	4.159895
2689	3.2207944
269	3.756277
2690	3.84804
2691	4.1441607
2692	4.0156107
2693	2.613077
2694	2.6977777
2695	3.565688
2696	2.9452555
2697	3.1924438
2698	3.7028248
2699	3.4350684
27	3.5274725
270	4.289369
2700	4.138889
2701	3.7201054
2702	3.2230215
2703	2.6704545
2704	3.3149607
2705	3.3088448
2706	3.464674
2707	3.2112677
2708	2.8464053
2709	2.68
271	3.1046026
2710	3.4868422
2711	3.448163
2712	3.509833
2713	3.005736
2714	2.5376344
2715	2.766129
2716	2.5243244
2717	3.321101
2718	2.60177
2719	3.804207
272	2.919355
2720	2.9795918
2721	2.3580644
2722	1.9855072
2723	3.680798
2724	3.5877273
2725	2.4583333
2726	3.810538
2727	3.8876054
2728	2.2040815
2729	3.3022387
273	3.3624754
2730	2.7422223
2731	2.885758
2732	3.4332345
2733	2.8194208
2734	3.2882993
2735	3.9120846
2736	3.875
2737	2.5711696
2738	2.9932127
2739	3.2464788
274	2.7674417
2740	3.056962
2741	3.0219781
2742	3.353846
2743	4.12149
2744	2.3793104
2745	3.556962
2746	2.949438
2747	2.9585586
2748	2.924812
2749	3.1596267
275	3.6334057
2750	3.365325
2751	3.4356363
2752	3.2319589
2753	3.540476
2754	4.141723
2755	3.6860125
2756	3.974138
2757	3.5416214
2758	3.0822916
2759	2.7602339
276	2.078261
2760	3.0820105
2761	2.5851064
2762	2.6697388
2763	3.014556
2764	3.0
2765	3.0588236
2766	2.3085105
2767	3.7661598
2768	3.368217
2769	3.803579
277	3.44586
2770	3.3964758
2771	3.5640287
2772	3.4988813
2773	3.2387707
2774	2.4414415
2775	3.2870913
2776	3.0329921
2777	2.6283784
2778	3.8066633
2779	2.7238894
278	2.1445782
2780	3.5720925
2781	2.5950413
2782	4.2944226
2783	3.3449776
2784	3.2258523
2785	2.398148
2786	2.9534883
2787	4.105263
2788	3.5797102
2789	3.2982929
279	3.1696064
2790	2.413793
2791	3.3180745
2792	3.579235
2793	3.4205298
2794	3.3557048
2795	4.1035295
2796	4.006108
2797	3.2556818
2798	3.4092808
2799	3.4153845
28	3.823254
280	3.3525047
2800	3.4764383
2801	2.7397993
2802	2.9661973
2803	4.338748
2804	3.447156
2805	3.4782608
2806	3.4228857
2807	2.9924812
2808	3.7775247
2809	3.5690317
281	3.7550514
2810	2.7424242
2811	3.8563535
2812	3.6166008
2813	3.584799
2814	2.6953063
2815	2.4456522
2816	3.3672566
2817	2.588785
2818	3.6369863
2819	2.8291316
282	3.6666667
2820	2.5952382
2821	2.9733334
2822	2.9672728
2823	3.628958
2824	3.2314816
2825	4.0581083
2826	2.9135447
2827	3.589372
2828	2.964988
2829	2.3275862
283	3.7065558
2830	2.7588654
2831	3.8197198
2832	2.8644068
2833	3.504762
2834	3.1462436
2835	3.3773584
2836	3.073077
2837	3.3736265
2838	2.6559355
2839	3.6978023
284	2.257732
2840	2.7302325
2841	3.0569007
2842	2.6347518
2843	2.224055
2844	2.7135923
2845	3.4540613
2846	2.0869565
2847	3.3950686
2848	4.022355
2849	3.9767056
285	3.3265991
2850	3.4444444
2851	3.5151846
2852	3.6638114
2853	3.1557298
2854	2.7971015
2855	2.8487585
2856	2.4319527
2857	3.725
2858	2.59542
2859	3.1002786
286	2.9162304
2860	2.8369565
2861	4.2397375
2862	4.3116875
2863	3.1355932
2864	3.112426
2865	3.8101711
2866	3.4399285
2867	3.2210767
2868	2.9820435
2869	3.1051626
287	3.572
2870	3.4175458
2871	2.590625
2872	3.7161226
2873	3.5812447
2874	3.5451586
2875	3.190014
2876	3.2729034
2877	3.3109243
2878	3.8277254
2879	3.6597939
288	3.5470383
2880	3.531056
2881	2.7910156
2882	3.345729
2883	3.1027777
2884	3.145933
2885	2.3288085
2886	3.822669
2887	3.3333333
2888	2.9501247
2889	3.4166667
289	2.3347688
2890	4.0693603
2891	2.9420626
2892	3.204651
2893	3.7608867
2894	3.7619047
2895	3.5616162
2896	3.5693004
2897	3.0338817
2898	3.136508
2899	3.9398448
29	3.5984704
290	3.5844998
2900	3.6651933
2901	3.6336634
2902	3.2735848
2903	3.2741702
2904	3.3835616
2905	3.522591
2906	2.6930692
2907	3.5243363
2908	3.4556546
2909	2.9431818
291	2.2222223
2910	3.7061946
2911	2.6587677
2912	3.6652207
2913	3.992489
2914	2.6329114
2915	2.8013246
2916	3.3601925
2917	3.1588786
2918	2.6556604
2919	2.9236112
292	3.857678
2920	3.5255618
2921	3.4880645
2922	3.6953328
2923	2.053435
2924	2.68125
2925	3.4416404
2926	2.7117116
2927	3.9969263
2928	3.9729729
2929	2.4615386
293	3.759804
2930	3.4537816
2931	2.8155785
2932	3.3839478
2933	3.0406091
2934	3.77451
2935	2.6456692
2936	3.2376237
2937	3.2523148
2938	4.14513
2939	3.1270902
294	3.1515152
2940	3.0527813
2941	3.3985507
2942	4.2738094
2943	3.3343465
2944	4.0306125
2945	3.127638
2946	3.2121212
2947	2.8962264
2948	2.32
2949	2.8896987
295	3.3146715
2950	3.7113981
2951	2.8877888
2952	3.0382166
2953	3.6615214
2954	3.6835175
2955	3.80291
2956	2.5893223
2957	3.142857
2958	3.373399
2959	3.0655737
296	2.913793
2960	2.7392535
2961	2.7711864
2962	3.3663952
2963	3.3265307
2964	3.1845639
2965	3.7888339
2966	2.985294
2967	2.974371
2968	3.0440252
2969	2.590909
297	2.8788342
2970	1.6627907
2971	3.5028791
2972	2.399511
2973	2.528226
2974	3.3315475
2975	3.6915889
2976	3.4582043
2977	1.990991
2978	2.940594
2979	3.4836602
298	3.101099
2980	3.6860652
2981	3.8901098
2982	2.7450628
2983	2.262295
2984	4.031081
2985	3.7120419
2986	3.4918032
2987	2.9404762
2988	2.887446
2989	3.6557539
299	3.7066438
2990	3.0764706
2991	3.5744681
2992	3.65206
2993	2.8214285
2994	3.2788844
2995	2.9058297
2996	3.3632653
2997	3.4545455
2998	3.1981132
2999	1.7046632
3	3.641153
30	3.761842
300	2.455357
3000	2.9176955
3001	3.2644627
3002	3.1153846
3003	3.52916
3004	2.9176471
3005	4.164073
3006	2.77
3007	2.9695818
3008	2.6046512
3009	3.6733668
301	2.6057143
3010	3.9559686
3011	2.5750873
3012	3.9811172
3013	3.4716592
3014	2.671111
3015	2.9096315
3016	3.7165775
3017	3.7088964
3018	3.4952562
3019	3.7828948
302	2.817975
3020	3.9148936
3021	1.962784
3022	3.275862
3023	4.1422267
3024	2.6534653
3025	3.9584665
3026	3.6493595
3027	2.838889
3028	3.0625
3029	2.5178106
303	3.088889
3030	3.5545363
3031	2.4834836
3032	3.9391892
3033	4.586364
3034	3.3177257
3035	3.1103044
3036	2.9210527
3037	2.7383177
3038	3.174927
3039	3.3839908
304	3.7683105
3040	3.5187714
3041	1.7037038
3042	3.008547
3043	3.0734732
3044	3.4055555
3045	2.8045454
3046	4.3867736
3047	3.3291154
3048	2.8107526
3049	2.9246988
305	3.624415
3050	2.8045976
3051	2.75891
3052	3.6138613
3053	3.2857144
3054	3.6194909
3055	3.6952596
3056	2.5984251
3057	3.9387608
3058	3.8026285
3059	2.590909
306	3.0558376
3060	2.2688525
3061	3.5352113
3062	3.6201923
3063	3.1494253
3064	2.1798365
3065	3.454321
3066	3.0103092
3067	4.348485
3068	3.1192307
3069	3.5595238
307	3.4754097
3070	2.961702
3071	3.6176534
3072	3.295612
3073	4.0100093
3074	3.401274
3075	3.4272518
3076	2.8515754
3077	2.9709647
3078	4.1347914
3079	4.1951904
308	2.78
3080	3.2769232
3081	3.9118152
3082	3.6975067
3083	2.2285714
3084	3.1280437
3085	2.9439256
3086	2.8737326
3087	2.9798658
3088	3.0814815
3089	3.6042402
309	3.0750551
3090	3.1744218
3091	2.6646585
3092	2.5491607
3093	2.9856467
3094	2.4468086
3095	3.5426662
3096	2.2523077
3097	2.7551022
3098	3.1914315
3099	3.792683
31	3.0542986
310	3.3617978
3100	2.835294
3101	3.0561056
3102	3.3803325
3103	2.0491803
3104	2.752809
3105	3.149635
3106	3.6492457
3107	3.4511628
3108	3.067114
3109	2.5076923
311	3.5778942
3110	2.5277777
3111	2.9533582
3112	3.979351
3113	3.195748
3114	3.3573487
3115	4.2486186
3116	3.4620135
3117	3.5730338
3118	1.6515151
3119	4.062257
312	3.710127
3120	3.9458573
3121	3.4343164
3122	3.0867288
3123	2.6010783
3124	3.7702842
3125	3.4646273
3126	3.05
3127	2.9450727
3128	3.5899396
3129	2.8627737
313	3.689346
3130	3.1459854
3131	3.3277311
3132	2.7125
3133	3.6884155
3134	3.019958
3135	3.3201058
3136	2.4801137
3137	3.3149607
3138	3.5489738
3139	3.8137567
314	3.414397
3140	2.539823
3141	2.7959185
3142	2.5782828
3143	3.2617621
3144	3.1052632
3145	3.3653724
3146	2.9297752
3147	3.7466424
3148	3.4737887
3149	3.3758864
315	3.293578
3150	3.9900835
3151	3.3983002
3152	3.0926886
3153	3.980714
3154	2.9941862
3155	3.3846154
3156	2.857143
3157	3.3618512
3158	3.53937
3159	3.3126323
316	4.3019843
3160	3.020996
3161	3.0902348
3162	2.6588235
3163	3.8692756
3164	3.7178771
3165	3.5809085
3166	3.5576324
3167	3.6557376
3168	3.7243834
3169	3.4121213
317	3.0
3170	3.8898435
3171	2.987342
3172	3.8101852
3173	3.351097
3174	2.7575219
3175	3.2198853
3176	3.0594838
3177	3.6908562
3178	3.0152671
3179	2.5287356
318	2.336842
3180	3.9913044
3181	3.6047516
3182	3.3309216
3183	3.8495083
3184	3.3910992
3185	2.0735848
3186	3.2171052
3187	3.1843045
3188	2.9812925
3189	1.8214285
319	3.0252101
3190	3.3028688
3191	2.5764706
3192	2.8624756
3193	1.902439
3194	3.612903
3195	3.9900498
3196	2.6300783
3197	3.2327433
3198	3.301434
3199	2.539326
32	4.071737
320	2.814516
3200	3.5323474
3201	3.4961538
3202	3.3016627
3203	2.5
3204	2.267857
3205	2.5643563
3206	3.0666666
3207	3.593458
3208	3.1582696
3209	3.3475366
321	2.7222223
3210	2.9425855
3211	3.9359605
3212	3.7547333
3213	3.008772
3214	2.9166667
3215	2.6372132
3216	3.7062764
3217	3.0660248
3218	3.1309192
3219	2.0148149
322	2.5890868
3220	2.90629
3221	3.6981797
3222	3.513475
3223	3.6863804
3224	3.6981335
3225	3.2803543
3226	4.058312
3227	3.0202177
3228	3.1527495
3229	3.3276575
323	2.4199438
3230	2.8642857
3231	3.43323
3232	3.799286
3233	3.0861244
3234	3.7435896
3235	2.5882354
3236	2.8335705
3237	3.2569203
3238	2.9078498
3239	4.0513797
324	3.061381
3240	3.684531
3241	3.1767242
3242	3.2047424
3243	3.298165
3244	3.3474576
3245	3.1969407
3246	2.7269373
3247	4.142857
3248	3.5062761
3249	2.8136792
325	4.195361
3250	2.857798
3251	2.185567
3252	2.8765433
3253	3.3206136
3254	2.9796417
3255	2.5769854
3256	3.1402087
3257	2.9230769
3258	2.879845
3259	3.7363636
326	3.290909
3260	3.4063604
3261	2.3229814
3262	3.2867646
3263	3.6813655
3264	2.8480492
3265	3.476911
3266	3.7180278
3267	3.5965319
3268	2.9945188
3269	4.006393
327	3.1853933
3270	3.21659
3271	2.875
3272	3.2191236
3273	3.6885812
3274	3.7196462
3275	2.8550372
3276	3.8953345
3277	3.0957446
3278	3.3809524
3279	3.506536
328	2.898477
3280	2.7610064
3281	3.5897436
3282	3.4347234
3283	4.0278745
3284	2.5728154
3285	3.8272703
3286	2.3958333
3287	2.9643347
3288	3.723618
3289	3.339964
329	3.587858
3290	4.404083
3291	3.7404428
3292	3.243421
3293	2.8877285
3294	3.1470587
3295	2.5404909
3296	2.5371902
3297	2.6311476
3298	2.931624
3299	3.59601
33	4.16865
330	3.460944
3300	3.1304348
3301	3.763719
3302	3.006993
3303	3.9607842
3304	3.156134
3305	3.6788037
3306	3.212803
3307	3.2933333
3308	2.6
3309	3.0371046
331	3.6220238
3310	3.5345588
3311	2.2347417
3312	3.1354406
3313	2.6845133
3314	3.212063
3315	4.0328608
3316	2.76025
3317	2.9097745
3318	3.3628118
3319	2.7815385
332	2.2550335
3320	3.5908802
3321	3.1450677
3322	2.8461537
3323	3.355526
3324	3.7106426
3325	2.668428
3326	3.18815
3327	3.0253806
3328	3.435484
3329	3.5440414
333	3.7862597
3330	3.5676625
3331	3.5793443
3332	2.5083857
3333	3.2568383
3334	3.2065022
3335	2.7270532
3336	3.4295416
3337	2.120253
3338	3.8867924
3339	3.1937985
334	3.5576427
3340	2.877193
3341	2.9863014
3342	3.794472
3343	2.8316953
3344	3.0291262
3345	3.7944863
3346	3.889655
3347	3.235817
3348	3.9097276
3349	3.2666667
335	2.1812081
3350	2.9884787
3351	2.9814816
3352	3.4298246
3353	2.772152
3354	3.845932
3355	3.5572891
3356	3.0260417
3357	3.021858
3358	3.4814816
3359	2.7844827
336	3.1708543
3360	3.1309524
3361	2.0076337
3362	3.4969325
3363	1.9125
3364	3.7501369
3365	3.2162921
3366	3.6298342
3367	3.2885756
3368	3.533837
3369	3.8106678
337	2.9729612
3370	2.2905984
3371	3.9147856
3372	2.431472
3373	3.1875
3374	3.484456
3375	3.0194175
3376	3.5174024
3377	3.2325583
3378	2.9498208
3379	3.261642
338	3.8894436
3380	3.063712
3381	3.8064516
3382	2.9642105
3383	3.248848
3384	3.7641313
3385	3.3349326
3386	2.7852564
3387	3.4658494
3388	2.5376146
3389	3.993661
339	3.78481
3390	3.8835182
3391	3.976818
3392	2.3245614
3393	2.847015
3394	3.5547802
3395	2.5238094
3396	3.0550458
3397	2.9655442
3398	3.7132912
3399	2.116883
34	2.7129629
340	2.9382021
3400	2.7603307
3401	3.216418
3402	3.4681726
3403	3.7647262
3404	3.6828928
3405	4.120634
3406	3.3608696
3407	3.0517242
3408	3.3577662
3409	3.086207
341	3.0510204
3410	3.6765258
3411	2.5914893
3412	2.9349594
3413	3.4088984
3414	3.5446715
3415	3.2134387
3416	2.761888
3417	3.096886
3418	3.2702148
3419	3.9769714
342	3.7032402
3420	3.3902729
3421	3.7661538
3422	3.1696079
3423	3.8938088
3424	2.383908
3425	4.230461
3426	3.174468
3427	3.3347313
3428	2.8703704
3429	2.729927
343	3.173913
3430	4.1762114
3431	3.9182155
3432	3.271812
3433	3.3892243
3434	3.2494419
3435	1.9892473
3436	2.2210526
3437	3.7540512
3438	4.006504
3439	3.9425142
344	3.6970046
3440	2.672897
3441	3.1367683
3442	4.1460376
3443	2.6527777
3444	4.516007
3445	2.651852
3446	4.1723747
3447	2.3363636
3448	2.7583334
3449	2.6776626
345	4.1113772
3450	3.700831
3451	3.4591866
3452	3.183575
3453	3.8853714
3454	3.5725806
3455	2.72041
3456	4.670989
3457	3.3141026
3458	2.8975904
3459	1.8164557
346	3.0515463
3460	2.3017752
3461	3.434606
3462	2.5604396
3463	3.7355783
3464	2.6382835
3465	2.81761
3466	3.2983787
3467	3.2032967
3468	3.520661
3469	3.7406752
347	2.4351852
3470	3.2798948
3471	3.237814
3472	2.9893842
3473	2.7682927
3474	2.876923
3475	3.7268553
3476	3.6422288
3477	2.9681094
3478	3.7275207
3479	2.4271357
348	3.4052908
3480	3.528517
3481	3.2511673
3482	3.9322288
3483	2.6257668
3484	2.869281
3485	2.849711
3486	3.2323945
3487	3.6128545
3488	1.7277228
3489	3.658131
349	2.4682677
3490	2.8614457
3491	3.393821
3492	3.2827225
3493	3.2222223
3494	3.5888627
3495	3.7679772
3496	3.1627264
3497	2.8466666
3498	3.7226892
3499	3.5939393
35	3.1454113
350	3.7958298
3500	3.6649692
3501	3.4049587
3502	3.3636363
3503	3.3072288
3504	3.0194805
3505	2.2524939
3506	3.2638433
3507	2.856383
3508	3.4702382
3509	4.0357323
351	2.9379845
3510	3.451207
3511	2.7547169
3512	4.1527777
3513	3.9823542
3514	2.913669
3515	3.229492
3516	3.2435896
3517	3.8623853
3518	2.7058823
3519	2.3527272
352	2.5630252
3520	3.2651515
3521	3.975781
3522	3.0307207
3523	4.2958755
3524	3.8962557
3525	2.7094972
3526	3.2736664
3527	3.5053763
3528	3.3807106
3529	3.2444036
353	3.2548387
3530	3.6517997
3531	3.0268457
3532	3.4516718
3533	3.45019
3534	3.2480621
3535	3.254369
3536	2.4497716
3537	2.6501768
3538	3.692613
3539	3.487805
354	2.2816901
3540	2.3121693
3541	3.8072126
3542	3.7879393
3543	2.5040324
3544	3.8273463
3545	2.8663282
3546	3.5084226
3547	2.7361112
3548	3.032
3549	2.6328125
355	2.0
3550	3.1182265
3551	3.7605405
3552	2.2465754
3553	2.6981132
3554	3.989648
3555	2.1466668
3556	1.627451
3557	2.8250325
3558	3.1727273
3559	3.5895271
356	3.068984
3560	3.2551725
3561	1.7135135
3562	3.1085272
3563	2.8720148
3564	2.7042682
3565	3.4772015
3566	2.2957747
3567	2.2648013
3568	3.6585367
3569	3.8321748
357	3.512378
3570	3.719352
3571	2.9942558
3572	3.131783
3573	2.3149328
3574	3.5886736
3575	1.4
3576	2.374269
3577	2.605042
3578	3.8481014
3579	3.3175395
358	3.5388963
3580	2.7950819
3581	3.1317847
3582	3.7296743
3583	2.8168154
3584	2.9834437
3585	2.9827585
3586	3.1290324
3587	3.457508
3588	3.8865979
3589	2.3333333
359	4.154367
3590	3.624416
3591	3.2575758
3592	3.1217391
3593	4.238022
3594	2.9903846
3595	2.7573364
3596	3.1852517
3597	2.808081
3598	3.2035177
3599	3.5996592
36	3.0202343
360	2.3939936
3600	2.9728997
3601	3.102439
3602	2.1034484
3603	3.9313726
3604	2.821875
3605	4.1709633
3606	2.7252395
3607	2.0
3608	4.1295943
3609	3.7948718
361	3.6358337
3610	3.8138075
3611	3.2144885
3612	3.9385111
3613	3.2809303
3614	3.0765958
3615	3.90632
3616	3.306324
3617	3.140459
3618	2.7864077
3619	2.9855595
362	2.5132115
3620	2.9915254
3621	3.2615385
3622	3.3617277
3623	3.4819226
3624	3.9465961
3625	3.3518152
3626	3.4862907
3627	2.7391305
3628	2.8253424
3629	2.864486
363	2.954352
3630	2.8732395
3631	2.6506276
3632	1.9242424
3633	3.7875185
3634	2.7732558
3635	3.106952
3636	3.796875
3637	2.6785715
3638	3.534106
3639	2.7580645
364	2.9349594
3640	2.8666499
3641	2.267101
3642	2.7229762
3643	4.0034366
3644	2.0232558
3645	2.7702703
3646	2.957265
3647	2.9223301
3648	3.642531
3649	3.6496677
365	3.2153847
3650	3.809831
3651	2.9413044
3652	3.216443
3653	3.2167833
3654	3.30265
3655	2.0352113
3656	3.2142856
3657	2.5378225
3658	2.380368
3659	3.4841025
366	3.4971428
3660	3.1185186
3661	3.0505052
3662	4.140865
3663	3.1826086
3664	2.6858108
3665	2.2491581
3666	3.5532608
3667	1.7625839
3668	4.2458205
3669	2.8976378
367	3.139664
3670	3.1027324
3671	3.2884014
3672	3.524634
3673	3.3596838
3674	3.4912891
3675	3.0071514
3676	3.580645
3677	3.659836
3678	2.8284574
3679	3.8633819
368	3.4114695
3680	3.5371878
3681	3.1258066
3682	3.234257
3683	2.3169014
3684	3.8484485
3685	3.783023
3686	3.237592
3687	3.7545075
3688	2.4236112
3689	3.482408
369	2.8607068
3690	3.444359
3691	2.667683
3692	2.906542
3693	3.1702127
3694	2.8980892
3695	2.3359375
3696	3.106301
3697	1.745614
3698	2.3695652
3699	3.1780415
37	3.9893239
370	3.1095042
3700	3.770318
3701	3.5143201
3702	3.7931035
3703	3.2100124
3704	3.1869688
3705	3.2701755
3706	3.3665338
3707	3.15625
3708	3.3950057
3709	2.8401163
371	3.8742516
3710	3.3556852
3711	3.0163934
3712	3.3160763
3713	3.633933
3714	2.933423
3715	3.389796
3716	3.5252817
3717	3.738149
3718	2.8376384
3719	3.6572328
372	2.391892
3720	3.341573
3721	2.800979
3722	2.9905214
3723	3.0186915
3724	3.4243324
3725	3.5499523
3726	3.2026143
3727	3.0801888
3728	3.5225823
3729	3.0816326
373	2.7764707
3730	3.9527256
3731	2.6818182
3732	2.4358974
3733	3.848323
3734	3.1870968
3735	2.811671
3736	3.5130506
3737	2.5231855
3738	2.3365386
3739	3.8419497
374	3.3292181
3740	3.580081
3741	3.5990677
3742	4.0056806
3743	3.2161224
3744	3.1467392
3745	2.166201
3746	3.5577822
3747	3.6525736
3748	3.2644627
3749	2.7504637
375	3.0266473
3750	3.307888
3751	3.7315521
3752	3.3021276
3753	1.9402986
3754	2.6115108
3755	3.0958333
3756	3.0593836
3757	3.7558281
3758	2.9238238
3759	2.70015
376	3.4248705
3760	3.609756
3761	2.1589744
3762	3.5042017
3763	2.8634338
3764	2.5316455
3765	3.32576
3766	2.8036187
3767	3.081169
3768	2.9462643
3769	4.1239495
377	2.5357144
3770	3.4012346
3771	3.6363637
3772	2.3476005
3773	3.6067846
3774	2.7263844
3775	2.7101157
3776	3.2833333
3777	3.940676
3778	3.2332456
3779	3.511727
378	2.8378742
3780	3.3505747
3781	3.1236413
3782	3.3608732
3783	3.0741687
3784	3.9636965
3785	3.177305
3786	2.6
3787	3.2981327
3788	2.5
3789	3.7695854
379	2.6329114
3790	3.245614
3791	2.9836736
3792	2.0874035
3793	2.0555556
3794	3.952381
3795	3.4482758
3796	3.5883267
3797	3.7091722
3798	4.1622787
3799	3.345912
38	2.0511222
380	3.0926275
3800	3.1538463
3801	3.706222
3802	3.3605633
3803	3.385439
3804	3.389484
3805	2.78125
3806	2.4453125
3807	3.4927638
3808	2.733482
3809	2.8617795
381	3.3920422
3810	3.0061243
3811	2.7556818
3812	3.5861244
3813	3.062189
3814	3.202405
3815	3.5253093
3816	3.2259543
3817	3.8585286
3818	2.7135677
3819	3.3959537
382	3.0822785
3820	2.7155426
3821	2.7923076
3822	3.3382354
3823	3.0136518
3824	3.5323274
3825	3.4533985
3826	3.6080413
3827	3.9237287
3828	3.2345934
3829	2.848148
383	2.7443945
3830	3.1447647
3831	2.858407
3832	2.8472223
3833	3.6944883
3834	2.0660794
3835	3.0895677
3836	2.761194
3837	3.7313433
3838	3.7747748
3839	2.5135136
384	3.737135
3840	3.2641015
3841	3.457635
3842	3.5489864
3843	2.677966
3844	1.6
3845	1.6422764
3846	2.8699186
3847	3.4117646
3848	2.6416667
3849	1.7416974
385	3.6277754
3850	1.8103448
3851	4.0234947
3852	3.7463126
3853	2.9333334
3854	3.9001536
3855	3.117073
3856	3.6153846
3857	2.4150326
3858	2.9263604
3859	2.6713614
386	2.9496255
3860	3.4345171
3861	2.952381
3862	2.7610197
3863	3.1924613
3864	4.236699
3865	2.423913
3866	3.5163934
3867	2.0721154
3868	3.6653466
3869	3.46789
387	3.5153062
3870	3.1887007
3871	3.5017793
3872	4.021994
3873	2.89823
3874	2.6774194
3875	3.994392
3876	3.085774
3877	2.80137
3878	2.8547008
3879	3.9538875
388	2.3225806
3880	3.645249
3881	2.9277778
3882	3.15486
3883	3.7649403
3884	2.432
3885	3.2057292
3886	3.6006258
3887	3.6459675
3888	3.8445287
3889	2.7070336
389	3.112532
3890	2.9427598
3891	2.5367231
3892	2.822034
3893	3.5187123
3894	3.027406
3895	3.5390625
3896	3.684039
3897	1.8877552
3898	3.2960894
3899	3.6714032
39	2.43617
390	2.690576
3900	3.9451704
3901	2.9649122
3902	3.4577465
3903	3.706488
3904	3.0365853
3905	3.619066
3906	3.3746736
3907	3.3541226
3908	2.9130435
3909	3.4323308
391	3.5384614
3910	3.5186722
3911	2.9444444
3912	3.3348148
3913	3.6993008
3914	3.8961813
3915	3.729765
3916	2.5761905
3917	3.69336
3918	2.958904
3919	2.588983
392	3.2333333
3920	2.997545
3921	3.5460706
3922	2.7592592
3923	3.0898604
3924	3.9952831
3925	3.514704
3926	2.5403848
3927	3.980226
3928	4.3395534
3929	3.138614
393	3.322795
3930	2.487395
3931	3.090909
3932	3.467128
3933	3.217742
3934	3.4467793
3935	3.5553083
3936	3.054701
3937	2.5887096
3938	4.1445427
3939	3.8128078
394	3.572047
3940	3.2727273
3941	3.2267442
3942	2.878751
3943	3.2502472
3944	2.9367697
3945	2.9751036
3946	2.6033115
3947	2.9734514
3948	3.2522523
3949	3.7635903
395	3.9879253
3950	3.8268251
3951	2.94228
3952	3.605042
3953	3.8181818
3954	3.906187
3955	3.68746
3956	3.0
3957	2.8136985
3958	4.263277
3959	3.4436936
396	3.1029413
3960	3.6403453
3961	3.7146118
3962	4.415523
3963	2.9661016
3964	2.5731707
3965	4.305075
3966	3.6588826
3967	3.0864198
3968	3.3782287
3969	3.0853658
397	3.9291444
3970	3.338317
3971	3.2364342
3972	3.4729838
3973	3.2878788
3974	3.906585
3975	3.3420627
3976	3.3373861
3977	3.1052632
3978	2.9342222
3979	3.1190476
398	2.748387
3980	2.9431818
3981	2.6674817
3982	2.7034883
3983	3.0654206
3984	3.6741726
3985	3.118644
3986	3.644647
3987	3.8285713
3988	3.3039036
3989	3.3423424
399	2.336
3990	3.1070733
3991	2.46875
3992	2.6748466
3993	3.391963
3994	2.4622426
3995	3.1489584
3996	2.392857
3997	2.8427672
3998	3.9743016
3999	3.9461122
4	2.7394366
40	2.9205704
400	3.8326564
4000	2.3428571
4001	3.6437008
4002	3.26
4003	2.3135593
4004	3.8333333
4005	3.6980448
4006	2.9358974
4007	2.8615572
4008	3.7536585
4009	2.9587157
401	3.6346273
4010	3.60337
4011	3.921754
4012	2.9722195
4013	3.6996903
4014	3.0873606
4015	2.75
4016	1.7682927
4017	3.4075
4018	2.9418604
4019	3.0255103
402	3.2459016
4020	2.6448598
4021	2.1515152
4022	3.0962963
4023	2.0642858
4024	2.93617
4025	3.1234567
4026	2.9561028
4027	3.4364846
4028	3.767025
4029	3.7286994
403	3.090909
4030	3.5240083
4031	3.1654658
4032	2.75
4033	4.2083716
4034	2.7311828
4035	2.6730769
4036	3.2007873
4037	3.907258
4038	3.6666667
4039	1.9338422
404	2.4912665
4040	3.8960354
4041	4.320598
4042	3.01778
4043	3.50016
4044	2.9067798
4045	4.153728
4046	3.9757576
4047	2.6560364
4048	4.166445
4049	3.9077563
405	3.7515798
4050	3.3658257
4051	3.4498045
4052	2.5928411
4053	3.1111112
4054	4.0249705
4055	2.9018025
4056	2.9947333
4057	3.132964
4058	2.929134
4059	2.5106382
406	3.7627578
4060	3.708125
4061	3.3227665
4062	3.2983606
4063	3.9642856
4064	3.230242
4065	2.7794118
4066	2.9470751
4067	3.5627668
4068	2.9092703
4069	3.6440709
407	2.6803653
4070	3.1773584
4071	3.5922747
4072	3.4410396
4073	3.5425532
4074	3.2232876
4075	3.2765958
4076	2.15625
4077	2.596875
4078	3.8923905
4079	3.6698413
408	3.40553
4080	3.4173148
4081	2.9545455
4082	2.8031745
4083	3.0769231
4084	2.6528497
4085	3.3925166
4086	3.3588738
4087	2.8367348
4088	3.7246964
4089	3.4022675
409	3.5480983
4090	3.5436242
4091	2.8722222
4092	3.353549
4093	1.8762376
4094	3.5014286
4095	2.6301146
4096	2.4309392
4097	3.0612245
4098	4.3154535
4099	3.2713177
41	1.6344086
410	3.9048562
4100	3.5450482
4101	2.3690476
4102	3.429194
4103	2.7877002
4104	3.5260274
4105	3.8809135
4106	2.767213
4107	2.875
4108	3.127572
4109	3.2632384
411	2.9162562
4110	3.201313
4111	2.8396502
4112	2.943503
4113	2.764706
4114	3.1940298
4115	4.3098626
4116	3.6452174
4117	3.0
4118	3.9399292
4119	3.3005068
412	3.125
4120	3.4148936
4121	3.1290324
4122	3.272174
4123	3.4506238
4124	3.5940595
4125	3.0545454
4126	1.8269231
4127	2.4442644
4128	2.9672132
4129	4.1714697
413	3.4105787
4130	3.025751
4131	2.8003237
4132	2.606383
4133	3.3644068
4134	3.7866185
4135	3.8686814
4136	2.590759
4137	2.9686685
4138	3.4718735
4139	3.2454212
414	2.9369748
4140	2.9575758
4141	3.5417433
4142	3.7564104
4143	2.925373
4144	3.501963
4145	4.1669197
4146	3.3753555
4147	3.1312509
4148	3.5448718
4149	3.372503
415	1.7619047
4150	3.2268908
4151	2.8403041
4152	3.067227
4153	2.1033332
4154	2.8207548
4155	3.6540067
4156	3.7047353
4157	3.3648357
4158	2.5384614
4159	3.361326
416	2.9875622
4160	3.3586206
4161	3.466926
4162	3.6666667
4163	3.7559288
4164	3.4335318
4165	2.3717766
4166	3.3296812
4167	3.5028768
4168	3.994495
4169	2.686747
417	3.931058
4170	2.368715
4171	3.0081706
4172	2.619469
4173	2.5413306
4174	3.0956848
4175	3.4262295
4176	2.9482758
4177	3.8281512
4178	3.7027028
4179	4.0644445
418	2.7273169
4180	3.0601504
4181	3.6509216
4182	2.936639
4183	2.7058823
4184	2.9048388
4185	4.048948
4186	2.112745
4187	2.8685951
4188	3.3115942
4189	3.6477025
419	3.906822
4190	3.0681818
4191	3.835821
4192	2.8969073
4193	3.1938775
4194	4.0219436
4195	3.5490196
4196	3.3782609
4197	2.6344721
4198	3.3235633
4199	2.412844
42	2.328125
420	3.7134595
4200	2.8617022
4201	3.1580372
4202	1.4873949
4203	3.418182
4204	3.7822046
4205	3.1612904
4206	3.2452831
4207	4.28696
4208	3.3897638
4209	3.514828
421	4.043566
4210	3.038394
4211	3.327869
4212	2.9624412
4213	2.505747
4214	3.395656
4215	2.9674797
4216	3.2226653
4217	3.75
4218	2.647287
4219	3.8959057
422	3.3954165
4220	3.2692308
4221	2.941061
4222	3.0670104
4223	2.1222222
4224	3.613788
4225	3.4041681
4226	2.6875
4227	3.6668894
4228	3.4473684
4229	3.7761312
423	2.983108
4230	2.5751295
4231	2.402439
4232	3.3569794
4233	3.9391305
4234	3.0463576
4235	2.7622378
4236	1.9411764
4237	2.7034676
4238	4.5544343
4239	2.8744395
424	3.5564446
4240	3.3193717
4241	2.7606382
4242	3.3434343
4243	3.0270271
4244	3.3841763
4245	3.4949496
4246	3.12
4247	3.2369268
4248	3.4463246
4249	3.812357
425	3.6699028
4250	2.9676616
4251	2.8564594
4252	3.4507773
4253	3.8541667
4254	3.531752
4255	2.2004662
4256	3.653566
4257	3.4072917
4258	3.7640119
4259	3.8743048
426	3.246858
4260	3.305349
4261	3.5764332
4262	3.5522435
4263	2.8170028
4264	3.4131944
4265	3.1978416
4266	3.7484539
4267	3.3411305
4268	3.4752705
4269	2.9221256
427	2.8690786
4270	3.1195965
4271	3.5256371
4272	3.3761468
4273	3.7258773
4274	2.9721115
4275	3.1278539
4276	3.482866
4277	3.2152777
4278	2.8605602
4279	3.088206
428	2.8347826
4280	4.115108
4281	3.129688
4282	2.9028077
4283	2.8325582
4284	4.0975714
4285	3.469976
4286	3.632287
4287	2.5818481
4288	3.1370883
4289	3.487887
429	3.361772
4290	3.3801513
4291	3.4344692
4292	3.0544412
4293	2.8432202
4294	4.2727275
4295	3.008772
4296	3.2749078
4297	2.6491227
4298	2.6237175
4299	3.5577228
43	2.5714285
430	4.0478654
4300	2.9629629
4301	3.4383562
4302	3.846111
4303	2.1393442
4304	3.4173913
4305	3.551495
4306	4.3252454
4307	2.7481482
4308	3.768173
4309	3.2013888
431	3.542186
4310	2.9504168
4311	3.0185184
4312	2.7408907
4313	3.4751773
4314	2.6037736
4315	3.4711187
4316	3.372781
4317	3.2219062
4318	2.7739131
4319	2.876923
432	3.9889462
4320	3.6259677
4321	3.0395606
4322	3.062992
4323	3.263248
4324	2.4727273
4325	3.1910112
4326	2.7606838
4327	3.421631
4328	3.280436
4329	2.678161
433	3.5554118
4330	3.6352115
4331	3.2916102
4332	2.0941176
4333	3.8813365
4334	2.969977
4335	3.779
4336	3.007767
4337	3.061828
4338	2.9487178
4339	3.2147467
434	3.4782608
4340	3.7604742
4341	3.394928
4342	3.8119369
4343	3.3959854
4344	3.9319727
4345	3.7845597
4346	3.1006343
4347	3.1680672
4348	4.2209525
4349	3.5338984
435	2.8658893
4350	3.9309552
4351	3.378788
4352	3.046313
4353	4.3360224
4354	2.9782903
4355	2.6894116
4356	3.6734014
4357	3.0506072
4358	2.8512397
4359	3.0333333
436	3.814634
4360	3.989436
4361	3.7891567
4362	2.0
4363	2.814655
4364	3.6898804
4365	2.4539008
4366	3.6099443
4367	3.5862315
4368	2.3
4369	3.292378
437	3.2727273
4370	2.8664145
4371	2.9151943
4372	3.5514364
4373	4.0574713
4374	3.1049504
4375	2.492683
4376	3.3968253
4377	2.4005613
4378	3.4767933
4379	2.9518518
438	3.0309806
4380	3.2503126
4381	4.036567
4382	3.5
4383	4.3028884
4384	3.561805
4385	3.9692006
4386	3.4722335
4387	3.5542407
4388	2.952381
4389	3.3796434
439	3.2165697
4390	3.111172
4391	3.297561
4392	3.8623512
4393	3.4009674
4394	2.0185041
4395	3.2878788
4396	3.1093898
4397	3.4146342
4398	3.2080724
4399	2.5314286
44	3.6840372
440	2.9252336
4400	3.1881187
4401	3.6493056
4402	3.346227
4403	2.8697917
4404	2.5795455
4405	3.9682767
4406	3.2909484
4407	3.7598665
4408	2.0566037
4409	4.109546
441	3.7705882
4410	3.4271846
4411	3.5126467
4412	3.0609038
4413	3.0074103
4414	2.362733
4415	4.037082
4416	3.010989
4417	3.7349398
4418	3.382102
4419	3.7198377
442	3.9341295
4420	3.1958952
4421	2.4663677
4422	3.005848
4423	2.3703704
4424	3.5104601
4425	2.3283582
4426	3.5292096
4427	4.473692
4428	3.428169
4429	3.0727446
443	3.9737093
4430	3.116959
4431	2.8971632
4432	3.755364
4433	3.6210527
4434	2.9731543
4435	2.3666666
4436	3.0583942
4437	1.7659575
4438	3.0403345
4439	3.366374
444	3.1666667
4440	2.8364487
4441	3.4054854
4442	2.9458444
4443	3.0367646
4444	3.3767772
4445	3.4245284
4446	3.0867348
4447	3.5972972
4448	3.482301
4449	3.9352307
445	3.5396867
4450	3.7477083
4451	2.9933555
4452	2.7967806
4453	3.5882354
4454	4.044728
4455	3.5
4456	3.3283877
4457	3.59375
4458	2.9574468
4459	3.9777777
446	2.837274
4460	3.2791038
4461	3.647282
4462	2.4285715
4463	3.6290162
4464	2.1780822
4465	3.6892686
4466	1.8105264
4467	3.5578406
4468	4.0069585
4469	1.8518518
447	3.4175825
4470	3.6899037
4471	2.942857
4472	3.6938329
4473	3.0425138
4474	3.2256544
4475	3.1485147
4476	3.8763251
4477	3.7246377
4478	3.6503332
4479	3.7368531
448	3.2010581
4480	3.4476745
4481	3.2544644
4482	2.7888956
4483	3.3362403
4484	4.0039186
4485	3.4531446
4486	2.8393784
4487	2.20339
4488	3.554906
4489	3.502849
449	2.988889
4490	3.1687462
4491	3.1501105
4492	2.643323
4493	3.1350884
4494	2.5846155
4495	3.4788275
4496	3.7630002
4497	2.7156863
4498	2.464684
4499	2.614486
45	2.9686904
450	3.350365
451	4.1654677
452	2.8942387
453	3.5492957
454	3.9334424
455	3.7882652
456	3.6787755
457	3.8743856
458	3.546479
459	3.477651
46	3.806496
460	2.1947675
461	3.46875
462	4.0385604
463	4.0927386
464	2.7560976
465	2.92
466	3.7486188
467	3.563033
468	3.5170405
469	2.7809525
47	3.266383
470	2.4455957
471	4.0713334
472	3.0582523
473	4.033429
474	3.5983527
475	3.0019212
476	4.1327085
477	3.9638555
478	3.2598608
479	3.871332
48	3.710944
480	2.573816
481	3.1037233
482	3.787555
483	3.4515054
484	3.5172415
485	3.561086
486	3.6507692
487	3.7075813
488	3.658146
489	3.5524244
49	3.6666667
490	2.8717067
491	3.3680556
492	2.9611144
493	2.6037736
494	4.0014853
495	3.0983303
496	3.7106383
497	3.4782608
498	4.0673757
499	3.0449204
5	3.9192982
50	3.027439
500	3.6353383
501	3.8006456
502	3.7013316
503	3.6175299
504	4.061033
505	3.1397896
506	2.7961783
507	3.604278
508	2.9896908
509	2.467742
51	3.5666666
510	3.2391305
511	2.7775831
512	2.8316498
513	2.0919812
514	3.8062284
515	1.2878788
516	3.781329
517	3.4781482
518	3.803792
519	3.7360704
52	3.7571402
520	3.8742857
521	2.7045455
522	3.303125
523	3.0340135
524	3.2764015
525	2.0344827
526	2.9139414
527	2.2767527
528	2.9830954
529	3.3640082
53	1.6754386
530	2.4294872
531	3.137931
532	3.2800379
533	3.1198647
534	3.2061312
535	3.4851065
536	2.8173077
537	3.5026739
538	2.7376237
539	3.8464913
54	2.9874213
540	3.3950617
541	2.4711537
542	1.8830409
543	3.259719
544	3.6535947
545	3.47929
546	2.602564
547	3.196995
548	3.0071068
549	2.6388888
55	3.024522
550	3.45865
551	3.2756038
552	3.0136986
553	3.1752923
554	3.2443123
555	4.0085716
556	2.9602544
557	2.5260115
558	3.2668977
559	3.547826
56	3.6486633
560	4.1916766
561	3.9407144
562	2.372093
563	3.4964964
564	3.1957505
565	3.25
566	3.0798771
567	2.8222222
568	2.9565217
569	3.4811494
57	3.6785514
570	2.9160306
571	3.9625852
572	3.244643
573	3.2941177
574	3.1851852
575	4.053723
576	3.8392582
577	4.19341
578	2.405983
579	3.9838789
58	3.612008
580	3.0756202
581	3.3095238
582	3.014008
583	3.3032258
584	3.0585318
585	3.8144226
586	3.3184931
587	3.7689395
588	3.4481246
589	2.3472455
59	2.7892158
590	3.3954802
591	2.8910506
592	2.0
593	2.7282608
594	2.5612245
595	4.1670775
596	2.9732988
597	2.4583333
598	3.360324
599	3.5025651
6	3.0843964
60	2.1491525
600	3.2161512
601	3.320197
602	2.8129194
603	3.5760598
604	3.3130436
605	2.8907564
606	3.343602
607	3.5432827
608	2.4117646
609	3.761039
61	2.952381
610	2.5192308
611	2.0342467
612	3.055118
613	3.1689656
614	3.084507
615	3.4955034
616	3.3245614
617	3.8289309
618	2.6121883
619	3.8646617
62	3.6241379
620	3.5656717
621	3.9349859
622	2.9769452
623	3.037657
624	3.2522852
625	1.5050336
626	3.6599326
627	2.9591837
628	3.5135543
629	3.572698
63	3.25
630	2.632653
631	3.659718
632	2.9793956
633	3.2185273
634	4.150783
635	2.64539
636	3.4978497
637	3.4985633
638	3.540216
639	3.094241
64	2.4210527
640	3.1441648
641	3.6530442
642	3.7200646
643	3.1457317
644	2.9933774
645	3.942084
646	3.872119
647	3.4370477
648	3.5
649	3.0125
65	2.3294573
650	2.6765375
651	2.9375
652	3.3201404
653	2.610294
654	2.5647058
655	3.511628
656	2.7394958
657	4.045078
658	3.6329174
659	2.7504182
66	2.2951808
660	3.7778473
661	3.2542865
662	3.5890086
663	4.1726265
664	2.3417368
665	2.6956522
666	3.2450142
667	3.7916667
668	3.873036
669	2.379747
67	2.5570934
670	3.5124884
671	3.2175732
672	3.0726495
673	3.8168168
674	3.3831348
675	3.2011173
676	3.0791457
677	3.7411432
678	3.3333333
679	3.0568182
68	4.142599
680	2.9618094
681	3.4938815
682	3.7444398
683	2.9347825
684	2.6091955
685	3.396049
686	3.0700116
687	3.037594
688	3.1728394
689	3.415689
69	3.2931035
690	3.9763186
691	2.9893618
692	3.5095954
693	3.0552785
694	3.759322
695	2.8433735
696	3.4306457
697	3.2870812
698	2.493671
699	3.8300836
7	2.1290324
70	2.7317784
700	3.6125107
701	1.916149
702	2.9282296
703	3.7061856
704	3.0370371
705	3.6400466
706	3.5277362
707	3.5079086
708	3.3875465
709	3.7438016
71	3.7700193
710	4.143969
711	3.6139305
712	4.132517
713	3.0692308
714	2.1710527
715	3.667992
716	3.235294
717	2.8939006
718	3.323984
719	2.9938574
72	3.1452515
720	3.8438132
721	2.483965
722	4.0945425
723	2.9943724
724	4.408013
725	3.6287997
726	2.142857
727	2.7067668
728	2.967033
729	2.4205608
73	3.8915663
730	3.839078
731	2.5461385
732	3.2251267
733	3.405808
734	3.830082
735	3.1269035
736	2.1587303
737	3.327103
738	2.7711864
739	2.729211
74	3.185567
740	2.8015873
741	3.4009547
742	2.8418605
743	3.198257
744	2.8773584
745	2.2920353
746	3.525055
747	3.7403846
748	3.7415452
749	2.235401
75	2.5707762
750	3.5229359
751	3.1893306
752	4.254009
753	3.9748428
754	3.1969547
755	3.500992
756	2.5632184
757	3.1290324
758	3.5143442
759	3.198861
76	4.090386
760	3.8628652
761	2.6602037
762	3.9828694
763	3.4907274
764	3.737003
765	2.5207374
766	3.0592592
767	3.245223
768	3.2822459
769	3.2702703
77	2.8527725
770	3.1607144
771	3.1056702
772	2.6666667
773	2.9116542
774	4.249293
775	3.5502093
776	2.9734514
777	3.7859478
778	3.9047618
779	2.5175643
78	2.9416494
780	3.8312342
781	3.5816464
782	2.4421053
783	3.3657522
784	3.5267856
785	3.1550388
786	3.3759842
787	2.5
788	3.7645702
789	3.79421
79	3.7653813
790	2.8
791	3.5283506
792	2.8583333
793	3.4927535
794	3.1161928
795	3.1421802
796	2.9398663
797	3.090625
798	3.8860085
799	4.066123
8	3.1898055
80	2.7992702
800	2.3766234
801	2.658228
802	3.35
803	2.369146
804	3.8472908
805	3.7905405
806	3.48996
807	3.5844495
808	3.2396984
809	3.5455246
81	3.4395516
810	2.9809523
811	2.977139
812	3.2213116
813	3.274648
814	3.3869464
815	3.133891
816	3.5247524
817	3.5470104
818	3.4738598
819	3.1377804
82	3.0420167
820	1.9555556
821	2.7058823
822	4.072403
823	3.1480145
824	3.7814498
825	4.1091623
826	3.139535
827	2.9640718
828	3.0046084
829	3.1873076
83	3.7293313
830	2.857143
831	3.2011962
832	3.7853463
833	3.5169492
834	2.7284946
835	3.1742544
836	3.5486727
837	3.9340837
838	2.506689
839	4.1155944
84	3.2212937
840	3.8233972
841	2.96
842	3.4576857
843	3.7145865
844	2.8611112
845	3.6271186
846	2.6856587
847	3.7346938
848	3.0460706
849	3.264571
85	4.2518797
850	3.4229116
851	3.8919125
852	2.996485
853	2.8236558
854	2.165605
855	2.4507658
856	2.581818
857	3.722932
858	3.2173913
859	3.4597328
86	1.9545455
860	2.627907
861	3.9458988
862	3.4981139
863	3.5457628
864	2.7089202
865	3.772549
866	3.3806062
867	2.8962963
868	3.4764152
869	3.0884955
87	2.8119657
870	2.3576643
871	3.9880283
872	4.199615
873	2.7449229
874	3.4215686
875	3.1122448
876	3.516129
877	3.5125284
878	2.4456522
879	2.882096
88	3.8353784
880	3.932376
881	3.110424
882	2.8414633
883	3.5652556
884	2.8526316
885	3.2943723
886	4.186012
887	3.107884
888	2.6146789
889	4.0528483
89	2.691344
890	3.178771
891	3.682927
892	3.5747664
893	3.852564
894	2.7535095
895	3.9391973
896	3.429314
897	3.2765458
898	3.062806
899	3.4973545
9	2.6210527
90	3.496
900	3.9320927
901	3.671743
902	2.365
903	3.175926
904	2.4545455
905	2.0
906	3.417056
907	4.0161223
908	4.191339
909	3.0266273
91	3.8959436
910	3.1617646
911	2.9591837
912	3.152174
913	3.375
914	3.057377
915	2.8372092
916	3.5882354
917	3.544643
918	3.9177449
919	3.2264168
92	3.5652175
920	2.460177
921	3.3299363
922	2.866995
923	3.4159293
924	2.795699
925	3.6419754
926	2.1926606
927	3.451613
928	2.7055395
929	3.4229076
93	2.689655
930	3.1865203
931	3.0541735
932	2.2941177
933	4.04943
934	3.3931186
935	4.247934
936	3.0887575
937	3.719598
938	1.9944445
939	3.8881989
94	3.6842105
940	3.68073
941	2.1614907
942	3.0190535
943	3.941814
944	2.6741574
945	3.017699
946	2.4822695
947	3.6588695
948	2.7426472
949	3.3711216
95	2.5828876
950	2.5714285
951	3.5120482
952	3.9846473
953	3.4132857
954	3.3259983
955	3.189394
956	2.575568
957	3.6731708
958	3.6174242
959	2.9536083
96	3.3688524
960	3.4748135
961	3.5405064
962	3.0910542
963	3.885339
964	3.6776774
965	3.5679011
966	3.2857144
967	3.5969977
968	2.6542056
969	2.0530303
97	3.8718283
970	3.0197043
971	3.8087344
972	3.618421
973	3.64
974	3.6166134
975	2.0
976	3.6566265
977	2.788054
978	3.328603
979	2.9375
98	3.9153845
980	3.6267319
981	3.0318472
982	3.8003838
983	2.5010061
984	3.4033859
985	3.6290293
986	3.526938
987	2.8210526
988	3.7629147
989	3.0509892
99	2.420635
990	3.7714672
991	3.654596
992	3.9344606
993	3.0521426
994	3.2199502
995	1.7211539
996	4.03154
997	3.2516556
998	3.3161435
999	2.7275085
