1	5.0
10	4.0
100	2.5
1000	3.0
1001	3.5
1002	3.5
1003	2.0
1004	4.0
1005	3.5
1006	3.0
1007	2.5
1008	2.0
1009	4.0
101	2.0
1010	3.0
1011	3.0
1012	3.0
1013	5.0
1014	3.0
1015	2.5
1016	2.0
1017	5.0
1018	4.0
1019	2.0
102	2.0
1020	3.0
1021	5.0
1022	3.5
1023	4.0
1024	3.0
1025	3.0
1026	4.5
1027	3.0
1028	2.0
1029	5.0
103	3.0
1030	3.5
1031	3.5
1032	4.0
1033	2.5
1034	3.0
1035	3.0
1036	2.5
1037	4.0
1038	2.0
1039	4.0
104	3.5
1040	4.0
1041	4.0
1042	2.5
1043	3.0
1044	3.0
1045	4.0
1046	2.5
1047	5.0
1048	4.5
1049	4.0
105	3.0
1050	3.0
1051	4.0
1052	3.0
1053	1.5
1054	2.5
1055	4.0
1056	2.5
1057	5.0
1058	3.0
1059	3.0
106	4.5
1060	3.0
1061	3.0
1062	2.0
1063	3.5
1064	3.0
1065	3.0
1066	4.0
1067	3.5
1068	3.5
1069	3.5
107	3.0
1070	2.0
1071	1.5
1072	5.0
1073	2.5
1074	3.0
1075	4.0
1076	2.0
1077	5.0
1078	3.0
1079	5.0
108	4.0
1080	3.0
1081	3.0
1082	1.0
1083	4.0
1084	3.0
1085	3.0
1086	2.5
1087	2.5
1088	4.0
1089	1.0
109	3.0
1090	1.0
1091	2.0
1092	2.0
1093	2.5
1094	3.5
1095	5.0
1096	1.0
1097	4.0
1098	3.0
1099	4.0
11	3.0
110	2.0
1100	2.5
1101	2.5
1102	5.0
1103	4.0
1104	3.5
1105	3.0
1106	3.0
1107	4.0
1108	4.5
1109	5.0
111	2.0
1110	4.0
1111	5.0
1112	4.0
1113	5.0
1114	3.0
1115	4.0
1116	4.0
1117	1.5
1118	3.0
1119	5.0
112	2.0
1120	2.0
1121	1.0
1122	2.5
1123	4.0
1124	3.0
1125	1.0
1126	4.0
1127	1.5
1128	2.0
1129	3.0
113	5.0
1130	3.5
1131	2.0
1132	4.0
1133	1.0
1134	4.0
1135	4.5
1136	2.0
1137	1.0
1138	3.0
1139	4.0
114	3.5
1140	3.0
1141	4.0
1142	3.0
1143	4.0
1144	4.0
1145	1.5
1146	3.0
1147	2.5
1148	4.0
1149	5.0
115	3.5
1150	3.5
1151	3.5
1152	2.5
1153	3.0
1154	2.0
1155	4.0
1156	1.0
1157	4.0
1158	2.5
1159	3.0
116	2.5
1160	3.5
1161	2.5
1162	4.5
1163	3.0
1164	3.0
1165	2.0
1166	2.0
1167	3.0
1168	3.0
1169	3.5
117	5.0
1170	5.0
1171	2.0
1172	3.5
1173	3.0
1174	5.0
1175	2.0
1176	4.0
1177	2.0
1178	2.0
1179	4.0
118	4.0
1180	4.0
1181	4.0
1182	2.5
1183	1.0
1184	3.5
1185	1.5
1186	2.0
1187	3.0
1188	2.0
1189	4.0
119	2.0
1190	2.5
1191	3.0
1192	4.0
1193	1.0
1194	2.0
1195	1.0
1196	3.5
1197	2.5
1198	4.0
1199	1.5
12	3.0
120	1.0
1200	2.0
1201	2.5
1202	3.5
1203	3.0
1204	1.0
1205	1.0
1206	3.0
1207	3.0
1208	5.0
1209	4.0
121	4.0
1210	3.0
1211	3.0
1212	4.5
1213	3.0
1214	2.5
1215	2.0
1216	4.0
1217	1.0
1218	2.5
1219	4.0
122	4.0
1220	5.0
1221	4.0
1222	4.0
1223	1.0
1224	4.0
1225	3.0
1226	2.0
1227	1.0
1228	5.0
1229	2.0
123	1.5
1230	1.0
1231	4.0
1232	4.5
1233	4.0
1234	3.0
1235	1.0
1236	2.0
1237	1.0
1238	3.5
1239	3.0
124	4.0
1240	3.0
1241	4.0
1242	3.0
1243	3.0
1244	2.5
1245	2.5
1246	3.0
1247	1.0
1248	5.0
1249	4.0
125	4.0
1250	2.0
1251	1.5
1252	2.0
1253	4.0
1254	2.0
1255	1.0
1256	5.0
1257	3.0
1258	4.0
1259	4.0
126	2.0
1260	3.0
1261	3.5
1262	3.0
1263	3.0
1264	3.5
1265	2.5
1266	3.0
1267	2.0
1268	3.5
1269	3.0
127	3.0
1270	3.0
1271	3.0
1272	4.0
1273	3.0
1274	3.0
1275	5.0
1276	2.0
1277	5.0
1278	3.0
1279	4.0
128	2.0
1280	3.5
1281	2.5
1282	4.0
1283	3.5
1284	3.0
1285	1.5
1286	3.5
1287	3.0
1288	3.0
1289	1.5
129	2.0
1290	4.0
1291	4.0
1292	3.5
1293	2.0
1294	2.5
1295	4.0
1296	4.0
1297	3.5
1298	5.0
1299	3.5
13	4.0
130	3.5
1300	4.0
1301	3.0
1302	4.0
1303	4.0
1304	4.5
1305	4.0
1306	5.0
1307	3.0
1308	5.0
1309	2.0
131	4.0
1310	3.5
1311	2.0
1312	2.5
1313	3.0
1314	3.0
1315	2.0
1316	5.0
1317	3.0
1318	2.0
1319	2.0
132	1.5
1320	2.0
1321	5.0
1322	2.5
1323	2.0
1324	4.5
1325	3.5
1326	5.0
1327	2.0
1328	3.5
1329	4.0
133	2.0
1330	5.0
1331	4.0
1332	3.5
1333	3.5
1334	2.0
1335	4.0
1336	3.5
1337	2.5
1338	5.0
1339	3.0
134	1.0
1340	1.0
1341	3.0
1342	3.0
1343	4.0
1344	4.0
1345	3.0
1346	3.0
1347	4.0
1348	4.0
1349	4.0
135	4.0
1350	4.5
1351	4.0
1352	2.5
1353	5.0
1354	2.5
1355	5.0
1356	2.0
1357	3.0
1358	4.0
1359	4.0
136	4.0
1360	1.0
1361	3.0
1362	2.5
1363	2.0
1364	4.0
1365	2.5
1366	3.0
1367	4.5
1368	2.0
1369	2.0
137	2.0
1370	4.0
1371	2.0
1372	3.5
1373	5.0
1374	2.0
1375	1.0
1376	2.0
1377	5.0
1378	3.0
1379	2.0
138	5.0
1380	5.0
1381	1.0
1382	4.0
1383	2.5
1384	3.5
1385	1.0
1386	3.0
1387	2.0
1388	1.0
1389	3.0
139	3.5
1390	4.5
1391	4.0
1392	3.0
1393	5.0
1394	3.5
1395	3.0
1396	4.5
1397	3.5
1398	5.0
1399	4.0
14	2.5
140	2.0
1400	2.0
1401	4.0
1402	4.0
1403	1.0
1404	4.0
1405	3.5
1406	3.5
1407	4.0
1408	2.5
1409	3.0
141	4.0
1410	3.0
1411	3.0
1412	4.0
1413	3.0
1414	1.0
1415	5.0
1416	5.0
1417	2.0
1418	5.0
1419	3.0
142	2.5
1420	3.0
1421	3.5
1422	3.0
1423	2.5
1424	3.5
1425	4.0
1426	4.0
1427	2.0
1428	4.5
1429	4.0
143	5.0
1430	2.5
1431	3.0
1432	3.5
1433	3.5
1434	5.0
1435	4.0
1436	2.5
1437	4.0
1438	4.0
1439	3.0
144	4.0
1440	1.0
1441	5.0
1442	4.0
1443	4.0
1444	3.5
1445	4.0
1446	4.5
1447	3.0
1448	3.0
1449	2.0
145	3.0
1450	3.0
1451	4.0
1452	1.0
1453	3.0
1454	3.0
1455	3.0
1456	1.5
1457	4.0
1458	3.5
1459	3.0
146	2.0
1460	5.0
1461	2.0
1462	3.0
1463	4.0
1464	1.5
1465	3.0
1466	5.0
1467	5.0
1468	4.0
1469	1.0
147	3.0
1470	3.5
1471	2.0
1472	4.5
1473	4.0
1474	1.0
1475	5.0
1476	3.0
1477	4.0
1478	1.0
1479	5.0
148	3.0
1480	4.0
1481	3.0
1482	4.5
1483	4.0
1484	3.0
1485	4.0
1486	2.5
1487	3.0
1488	5.0
1489	3.0
149	4.0
1490	4.0
1491	4.5
1492	2.0
1493	3.0
1494	1.5
1495	5.0
1496	1.5
1497	2.0
1498	5.0
1499	5.0
15	3.5
150	3.0
1500	4.5
1501	2.5
1502	2.5
1503	2.0
1504	4.0
1505	4.0
1506	4.0
1507	4.0
1508	3.5
1509	4.0
151	1.5
1510	3.0
1511	4.0
1512	4.0
1513	4.5
1514	4.0
1515	5.0
1516	1.0
1517	2.0
1518	3.5
1519	3.0
152	3.5
1520	4.0
1521	4.0
1522	3.0
1523	3.0
1524	3.0
1525	2.0
1526	2.0
1527	2.0
1528	4.0
1529	4.5
153	5.0
1530	3.0
1531	3.5
1532	3.0
1533	5.0
1534	1.0
1535	2.5
1536	2.0
1537	2.0
1538	4.0
1539	3.5
154	3.0
1540	2.5
1541	2.0
1542	4.0
1543	3.0
1544	2.0
1545	1.0
1546	3.0
1547	4.0
1548	2.0
1549	4.5
155	4.0
1550	3.0
1551	4.5
1552	3.0
1553	3.5
1554	3.0
1555	3.0
1556	1.0
1557	3.5
1558	4.5
1559	4.0
156	4.0
1560	4.0
1561	3.0
1562	3.0
1563	5.0
1564	2.0
1565	3.0
1566	3.5
1567	4.0
1568	2.5
1569	1.0
157	4.0
1570	3.5
1571	3.0
1572	4.0
1573	2.0
1574	2.0
1575	4.0
1576	4.0
1577	4.0
1578	2.5
1579	2.0
158	2.0
1580	4.0
1581	3.5
1582	3.0
1583	3.0
1584	5.0
1585	4.0
1586	3.0
1587	5.0
1588	5.0
1589	4.0
159	4.0
1590	4.0
1591	4.0
1592	2.5
1593	3.5
1594	3.5
1595	4.0
1596	5.0
1597	3.5
1598	4.0
1599	3.5
16	3.0
160	4.0
1600	3.0
1601	5.0
1602	3.0
1603	2.0
1604	3.5
1605	3.0
1606	3.0
1607	1.0
1608	4.5
1609	3.0
161	5.0
1610	5.0
1611	3.5
1612	3.0
1613	3.0
1614	1.5
1615	4.0
1616	3.5
1617	3.5
1618	4.5
1619	3.5
162	3.5
1620	3.5
1621	4.0
1622	4.0
1623	5.0
1624	2.0
1625	3.0
1626	5.0
1627	3.0
1628	2.0
1629	3.5
163	1.0
1630	2.0
1631	3.0
1632	5.0
1633	3.5
1634	4.5
1635	1.0
1636	2.0
1637	4.0
1638	3.0
1639	2.5
164	2.0
1640	1.0
1641	4.0
1642	4.5
1643	1.0
1644	5.0
1645	4.0
1646	4.0
1647	4.0
1648	3.0
1649	2.0
165	4.0
1650	3.5
1651	2.0
1652	5.0
1653	3.0
1654	2.0
1655	4.0
1656	3.0
1657	2.0
1658	4.0
1659	4.0
166	4.0
1660	1.0
1661	3.0
1662	3.0
1663	3.0
1664	3.5
1665	5.0
1666	4.5
1667	4.0
1668	5.0
1669	3.0
167	5.0
1670	1.0
1671	1.0
1672	3.0
1673	4.0
1674	4.5
1675	2.5
1676	2.0
1677	3.0
1678	5.0
1679	4.0
168	5.0
1680	2.0
1681	2.0
1682	3.0
1683	1.0
1684	3.0
1685	2.0
1686	4.0
1687	4.0
1688	2.0
1689	4.0
169	3.0
1690	1.0
1691	3.5
1692	3.5
1693	3.0
1694	3.5
1695	3.0
1696	2.5
1697	4.0
1698	3.0
1699	3.0
17	3.5
170	1.0
1700	5.0
1701	1.0
1702	3.0
1703	2.5
1704	3.5
1705	2.0
1706	3.0
1707	4.5
1708	4.0
1709	3.5
171	5.0
1710	3.0
1711	2.0
1712	2.5
1713	3.5
1714	5.0
1715	3.0
1716	2.5
1717	3.0
1718	5.0
1719	5.0
172	3.5
1720	2.0
1721	3.0
1722	3.5
1723	3.0
1724	1.0
1725	1.0
1726	5.0
1727	1.0
1728	4.0
1729	3.5
173	4.5
1730	3.0
1731	3.0
1732	2.5
1733	3.0
1734	2.5
1735	5.0
1736	1.0
1737	4.0
1738	1.0
1739	5.0
174	1.0
1740	2.5
1741	5.0
1742	3.0
1743	3.0
1744	3.5
1745	2.0
1746	4.0
1747	5.0
1748	4.0
1749	1.0
175	3.0
1750	4.0
1751	3.5
1752	2.0
1753	4.0
1754	5.0
1755	1.0
1756	4.0
1757	4.0
1758	2.0
1759	3.0
176	4.5
1760	3.0
1761	3.5
1762	4.0
1763	1.5
1764	4.5
1765	2.5
1766	3.0
1767	3.5
1768	2.0
1769	2.5
177	1.0
1770	3.0
1771	1.0
1772	2.0
1773	5.0
1774	3.0
1775	2.0
1776	3.5
1777	3.0
1778	5.0
1779	3.0
178	5.0
1780	2.5
1781	3.5
1782	3.5
1783	4.0
1784	4.0
1785	5.0
1786	2.5
1787	2.0
1788	2.0
1789	4.5
179	2.5
1790	5.0
1791	1.5
1792	2.0
1793	4.5
1794	3.0
1795	5.0
1796	2.5
1797	3.0
1798	5.0
1799	3.0
18	4.0
180	4.0
1800	4.0
1801	4.0
1802	3.0
1803	4.0
1804	4.5
1805	4.0
1806	4.0
1807	1.5
1808	1.5
1809	5.0
181	2.0
1810	5.0
1811	3.0
1812	3.5
1813	4.5
1814	3.0
1815	4.0
1816	1.0
1817	1.0
1818	4.0
1819	3.0
182	2.0
1820	4.0
1821	4.0
1822	3.0
1823	2.0
1824	3.0
1825	3.0
1826	3.0
1827	5.0
1828	3.0
1829	3.5
183	3.0
1830	3.0
1831	2.5
1832	4.0
1833	4.0
1834	3.0
1835	4.0
1836	4.0
1837	3.0
1838	4.0
1839	3.0
184	4.0
1840	4.0
1841	3.5
1842	2.5
1843	4.0
1844	3.0
1845	1.0
1846	1.0
1847	1.0
1848	5.0
1849	2.0
185	4.0
1850	3.0
1851	3.5
1852	3.5
1853	4.0
1854	2.5
1855	3.0
1856	5.0
1857	4.5
1858	2.0
1859	4.0
186	4.0
1860	3.5
1861	2.5
1862	1.0
1863	4.0
1864	1.0
1865	3.0
1866	2.0
1867	3.0
1868	3.0
1869	3.0
187	2.0
1870	2.0
1871	4.0
1872	3.0
1873	1.0
1874	4.0
1875	3.0
1876	3.5
1877	4.0
1878	3.5
1879	2.5
188	4.0
1880	4.0
1881	3.0
1882	3.0
1883	3.0
1884	4.0
1885	3.0
1886	3.0
1887	3.0
1888	1.0
1889	2.5
189	3.0
1890	3.5
1891	2.0
1892	4.5
1893	4.0
1894	1.0
1895	4.0
1896	2.5
1897	3.0
1898	5.0
1899	3.5
19	5.0
190	1.5
1900	1.5
1901	3.5
1902	5.0
1903	3.0
1904	2.5
1905	5.0
1906	3.0
1907	5.0
1908	3.0
1909	3.0
191	4.0
1910	1.5
1911	5.0
1912	5.0
1913	2.5
1914	3.0
1915	4.0
1916	4.0
1917	4.0
1918	4.0
1919	4.0
192	5.0
1920	1.0
1921	2.5
1922	1.0
1923	4.0
1924	2.0
1925	5.0
1926	1.5
1927	2.0
1928	3.0
1929	3.0
193	1.0
1930	1.0
1931	3.0
1932	3.0
1933	3.0
1934	3.5
1935	3.0
1936	3.5
1937	3.0
1938	1.0
1939	3.0
194	1.0
1940	4.0
1941	4.5
1942	4.0
1943	3.0
1944	5.0
1945	4.0
1946	3.0
1947	5.0
1948	5.0
1949	1.5
195	1.0
1950	2.0
1951	3.0
1952	2.5
1953	3.0
1954	3.0
1955	3.0
1956	4.0
1957	1.0
1958	2.0
1959	2.0
196	2.5
1960	5.0
1961	3.0
1962	3.0
1963	2.5
1964	4.0
1965	4.0
1966	1.0
1967	3.0
1968	4.5
1969	4.0
197	4.5
1970	4.0
1971	4.0
1972	4.5
1973	4.5
1974	4.0
1975	2.0
1976	5.0
1977	2.5
1978	1.5
1979	4.5
198	2.5
1980	4.0
1981	1.0
1982	3.5
1983	4.0
1984	2.0
1985	5.0
1986	2.0
1987	4.0
1988	4.5
1989	1.0
199	5.0
1990	3.0
1991	4.0
1992	2.0
1993	1.5
1994	5.0
1995	5.0
1996	3.0
1997	4.0
1998	3.0
1999	3.5
2	4.0
20	3.5
200	2.0
2000	4.5
2001	3.5
2002	3.0
2003	4.0
2004	4.0
2005	2.0
2006	2.0
2007	3.0
2008	2.0
2009	4.0
201	3.5
2010	3.0
2011	3.5
2012	4.0
2013	3.0
2014	3.0
2015	5.0
2016	4.0
2017	4.0
2018	1.0
2019	5.0
202	4.0
2020	3.0
2021	4.0
2022	4.0
2023	1.0
2024	4.0
2025	4.0
2026	4.5
2027	2.0
2028	5.0
2029	3.0
203	3.0
2030	4.5
2031	3.0
2032	4.0
2033	2.0
2034	4.0
2035	3.0
2036	4.5
2037	4.0
2038	3.0
2039	5.0
204	2.5
2040	4.0
2041	4.0
2042	2.5
2043	3.0
2044	2.0
2045	3.0
2046	4.0
2047	2.5
2048	5.0
2049	4.0
205	4.0
2050	3.0
2051	5.0
2052	4.0
2053	3.5
2054	3.5
2055	4.0
2056	4.5
2057	5.0
2058	1.0
2059	1.0
206	4.0
2060	1.5
2061	1.0
2062	4.0
2063	2.0
2064	4.0
2065	2.0
2066	3.0
2067	3.0
2068	5.0
2069	3.5
207	2.5
2070	3.5
2071	3.0
2072	1.0
2073	4.0
2074	2.0
2075	2.0
2076	5.0
2077	4.0
2078	3.0
2079	2.0
208	4.0
2080	4.0
2081	5.0
2082	3.5
2083	4.5
2084	3.0
2085	5.0
2086	4.0
2087	4.0
2088	3.0
2089	2.0
209	2.0
2090	2.5
2091	3.5
2092	2.0
2093	3.0
2094	4.5
2095	4.0
2096	2.0
2097	4.0
2098	2.5
2099	3.0
21	4.5
210	3.0
2100	3.0
2101	4.0
2102	5.0
2103	3.5
2104	3.0
2105	3.0
2106	3.0
2107	4.0
2108	4.0
2109	3.5
211	3.0
2110	5.0
2111	4.0
2112	4.5
2113	3.0
2114	4.0
2115	2.0
2116	3.5
2117	5.0
2118	4.0
2119	2.5
212	2.0
2120	4.0
2121	4.0
2122	4.0
2123	3.0
2124	4.0
2125	2.0
2126	4.0
2127	3.0
2128	4.0
2129	3.5
213	3.5
2130	4.0
2131	2.0
2132	4.0
2133	5.0
2134	1.0
2135	3.0
2136	2.0
2137	3.0
2138	2.5
2139	4.0
214	2.5
2140	2.5
2141	1.0
2142	4.0
2143	3.5
2144	5.0
2145	5.0
2146	4.5
2147	4.0
2148	3.0
2149	5.0
215	3.0
2150	3.0
2151	3.0
2152	3.0
2153	3.0
2154	1.0
2155	3.0
2156	3.0
2157	3.0
2158	4.5
2159	2.0
216	2.0
2160	4.0
2161	5.0
2162	5.0
2163	1.0
2164	4.0
2165	2.0
2166	3.5
2167	3.0
2168	5.0
2169	3.0
217	5.0
2170	3.5
2171	3.0
2172	4.5
2173	4.0
2174	3.5
2175	3.5
2176	4.0
2177	4.0
2178	4.0
2179	2.0
218	3.0
2180	3.0
2181	3.0
2182	2.5
2183	3.0
2184	4.0
2185	3.0
2186	4.5
2187	1.0
2188	4.0
2189	3.0
219	2.0
2190	3.0
2191	4.5
2192	3.0
2193	3.0
2194	4.0
2195	1.0
2196	2.0
2197	3.0
2198	3.0
2199	3.0
22	1.0
220	5.0
2200	4.0
2201	1.5
2202	4.0
2203	4.0
2204	4.0
2205	4.0
2206	4.0
2207	2.5
2208	5.0
2209	3.0
221	3.0
2210	3.0
2211	2.0
2212	5.0
2213	4.5
2214	4.0
2215	3.5
2216	3.0
2217	3.0
2218	4.5
2219	1.5
222	2.0
2220	3.5
2221	3.0
2222	2.0
2223	3.0
2224	1.0
2225	4.0
2226	3.0
2227	1.5
2228	3.0
2229	2.0
223	5.0
2230	4.0
2231	2.5
2232	4.0
2233	3.0
2234	4.0
2235	3.5
2236	3.5
2237	3.5
2238	4.0
2239	4.0
224	3.5
2240	3.0
2241	1.0
2242	3.0
2243	3.0
2244	4.0
2245	2.0
2246	4.0
2247	2.0
2248	3.0
2249	5.0
225	3.0
2250	3.0
2251	1.0
2252	2.0
2253	3.0
2254	2.0
2255	3.5
2256	3.0
2257	2.0
2258	3.0
2259	2.5
226	2.0
2260	3.5
2261	3.5
2262	2.0
2263	2.0
2264	3.5
2265	1.5
2266	2.0
2267	3.0
2268	3.0
2269	2.5
227	3.0
2270	3.0
2271	4.0
2272	3.0
2273	3.0
2274	1.5
2275	3.0
2276	5.0
2277	5.0
2278	2.0
2279	2.0
228	4.0
2280	3.5
2281	1.0
2282	1.0
2283	2.0
2284	2.0
2285	3.5
2286	3.0
2287	4.5
2288	4.0
2289	3.0
229	5.0
2290	3.5
2291	2.0
2292	3.5
2293	3.0
2294	1.0
2295	4.0
2296	3.0
2297	4.0
2298	3.0
2299	3.5
23	4.0
230	3.0
2300	4.0
2301	5.0
2302	3.0
2303	2.0
2304	3.0
2305	4.0
2306	3.0
2307	5.0
2308	3.0
2309	4.0
231	3.0
2310	4.0
2311	4.5
2312	3.0
2313	2.0
2314	5.0
2315	4.5
2316	3.0
2317	3.0
2318	3.0
2319	4.0
232	3.5
2320	4.0
2321	5.0
2322	3.5
2323	5.0
2324	3.0
2325	4.0
2326	5.0
2327	2.0
2328	1.0
2329	4.5
233	2.0
2330	2.0
2331	5.0
2332	4.5
2333	2.0
2334	3.0
2335	5.0
2336	4.0
2337	3.0
2338	3.0
2339	3.5
234	3.0
2340	1.0
2341	1.0
2342	4.0
2343	2.5
2344	2.0
2345	3.0
2346	5.0
2347	2.0
2348	3.0
2349	3.0
235	3.0
2350	4.0
2351	5.0
2352	4.0
2353	3.0
2354	2.5
2355	5.0
2356	5.0
2357	5.0
2358	3.0
2359	3.0
236	2.0
2360	5.0
2361	3.0
2362	4.5
2363	5.0
2364	3.0
2365	3.5
2366	3.0
2367	4.0
2368	1.0
2369	4.5
237	3.0
2370	2.0
2371	4.0
2372	4.5
2373	3.5
2374	2.0
2375	4.0
2376	4.0
2377	2.0
2378	4.5
2379	5.0
238	4.0
2380	4.0
2381	1.5
2382	2.0
2383	4.0
2384	2.0
2385	3.5
2386	1.0
2387	1.0
2388	2.0
2389	5.0
239	3.5
2390	1.5
2391	3.0
2392	4.0
2393	5.0
2394	4.0
2395	2.0
2396	3.0
2397	2.0
2398	4.0
2399	4.0
24	5.0
240	4.5
2400	3.0
2401	3.0
2402	2.0
2403	4.0
2404	2.5
2405	4.0
2406	4.5
2407	3.0
2408	4.0
2409	4.0
241	2.0
2410	4.0
2411	2.5
2412	2.5
2413	3.5
2414	4.0
2415	2.5
2416	3.0
2417	3.0
2418	4.0
2419	1.5
242	5.0
2420	1.0
2421	3.0
2422	2.0
2423	4.0
2424	3.5
2425	3.0
2426	1.5
2427	2.0
2428	3.0
2429	3.5
243	3.0
2430	5.0
2431	4.0
2432	1.0
2433	3.0
2434	2.5
2435	1.0
2436	1.5
2437	3.0
2438	3.0
2439	4.0
244	4.0
2440	5.0
2441	2.5
2442	3.0
2443	2.5
2444	2.0
2445	2.5
2446	1.5
2447	3.5
2448	4.0
2449	3.0
245	3.0
2450	2.0
2451	2.5
2452	5.0
2453	3.0
2454	3.0
2455	2.5
2456	3.0
2457	2.0
2458	3.0
2459	3.0
246	3.0
2460	2.0
2461	2.5
2462	3.5
2463	3.5
2464	3.0
2465	3.0
2466	2.5
2467	2.0
2468	3.5
2469	4.0
247	1.0
2470	4.0
2471	4.0
2472	2.0
2473	2.0
2474	4.0
2475	3.0
2476	3.0
2477	3.0
2478	4.0
2479	4.0
248	3.0
2480	4.0
2481	2.0
2482	2.0
2483	4.5
2484	2.0
2485	5.0
2486	5.0
2487	3.0
2488	4.0
2489	2.0
249	3.0
2490	4.5
2491	3.0
2492	4.0
2493	4.0
2494	2.0
2495	3.0
2496	1.0
2497	2.5
2498	4.0
2499	3.5
25	2.0
250	4.0
2500	3.5
2501	1.0
2502	3.0
2503	4.5
2504	2.0
2505	3.0
2506	3.5
2507	3.5
2508	2.0
2509	4.0
251	4.0
2510	1.0
2511	3.5
2512	3.5
2513	3.0
2514	3.0
2515	2.0
2516	4.0
2517	3.5
2518	5.0
2519	3.0
252	1.0
2520	3.0
2521	2.5
2522	4.5
2523	1.0
2524	4.0
2525	4.5
2526	4.5
2527	3.0
2528	3.5
2529	4.0
253	4.0
2530	3.0
2531	2.5
2532	1.0
2533	5.0
2534	4.0
2535	4.5
2536	1.0
2537	3.5
2538	4.0
2539	5.0
254	1.5
2540	2.0
2541	3.0
2542	3.0
2543	3.0
2544	2.0
2545	3.0
2546	1.5
2547	4.0
2548	4.0
2549	3.0
255	3.5
2550	4.0
2551	4.0
2552	3.0
2553	3.0
2554	2.0
2555	5.0
2556	3.5
2557	3.0
2558	1.0
2559	4.0
256	4.0
2560	5.0
2561	3.0
2562	2.0
2563	3.0
2564	3.0
2565	2.0
2566	5.0
2567	2.5
2568	4.5
2569	3.0
257	5.0
2570	3.0
2571	4.5
2572	3.0
2573	2.5
2574	4.0
2575	4.5
2576	5.0
2577	4.0
2578	4.0
2579	3.5
258	3.5
2580	3.5
2581	5.0
2582	3.0
2583	2.0
2584	4.0
2585	5.0
2586	3.0
2587	3.0
2588	3.0
2589	2.0
259	3.0
2590	3.0
2591	3.0
2592	5.0
2593	5.0
2594	3.5
2595	4.0
2596	3.0
2597	3.0
2598	5.0
2599	3.5
26	3.0
260	5.0
2600	2.5
2601	2.0
2602	2.0
2603	3.0
2604	3.0
2605	1.0
2606	3.0
2607	1.0
2608	5.0
2609	4.0
261	4.0
2610	2.0
2611	2.0
2612	2.0
2613	4.5
2614	2.0
2615	5.0
2616	3.0
2617	3.0
2618	5.0
2619	4.5
262	3.5
2620	4.0
2621	3.0
2622	3.0
2623	1.0
2624	1.0
2625	3.5
2626	3.5
2627	3.0
2628	4.0
2629	5.0
263	5.0
2630	4.0
2631	3.5
2632	3.0
2633	1.0
2634	4.5
2635	3.5
2636	4.0
2637	5.0
2638	5.0
2639	5.0
264	1.0
2640	4.0
2641	2.0
2642	4.0
2643	3.0
2644	3.0
2645	2.5
2646	5.0
2647	4.0
2648	4.0
2649	4.0
265	3.0
2650	2.5
2651	5.0
2652	4.0
2653	5.0
2654	5.0
2655	3.0
2656	1.0
2657	4.5
2658	3.0
2659	1.0
266	3.5
2660	4.0
2661	4.0
2662	3.0
2663	2.0
2664	4.5
2665	2.5
2666	2.5
2667	2.0
2668	3.0
2669	2.5
267	3.0
2670	3.0
2671	3.0
2672	1.0
2673	1.0
2674	4.0
2675	2.0
2676	5.0
2677	4.0
2678	3.0
2679	3.0
268	4.0
2680	2.5
2681	3.0
2682	3.5
2683	4.0
2684	2.0
2685	3.0
2686	4.0
2687	5.0
2688	4.0
2689	2.5
269	4.0
2690	3.0
2691	4.0
2692	5.0
2693	2.5
2694	1.0
2695	4.0
2696	3.0
2697	4.0
2698	5.0
2699	5.0
27	5.0
270	5.0
2700	5.0
2701	4.0
2702	2.0
2703	2.0
2704	5.0
2705	2.5
2706	3.0
2707	3.0
2708	1.0
2709	3.5
271	2.0
2710	3.0
2711	4.0
2712	3.0
2713	3.0
2714	1.5
2715	2.5
2716	5.0
2717	3.0
2718	1.0
2719	3.5
272	2.5
2720	3.0
2721	2.5
2722	2.0
2723	4.0
2724	3.0
2725	2.5
2726	3.0
2727	5.0
2728	2.5
2729	3.0
273	3.0
2730	3.0
2731	3.0
2732	3.5
2733	1.0
2734	2.5
2735	3.0
2736	3.0
2737	1.0
2738	3.5
2739	3.0
274	3.5
2740	4.5
2741	2.0
2742	3.0
2743	5.0
2744	2.0
2745	3.0
2746	1.5
2747	2.0
2748	4.0
2749	4.0
275	4.0
2750	3.0
2751	3.0
2752	3.5
2753	1.0
2754	5.0
2755	5.0
2756	5.0
2757	3.5
2758	3.0
2759	3.0
276	2.0
2760	2.0
2761	2.0
2762	1.0
2763	5.0
2764	3.5
2765	5.0
2766	2.0
2767	2.5
2768	2.5
2769	5.0
277	4.0
2770	4.0
2771	2.0
2772	5.0
2773	3.0
2774	2.0
2775	3.5
2776	4.0
2777	2.0
2778	5.0
2779	3.0
278	2.0
2780	4.0
2781	1.0
2782	5.0
2783	2.0
2784	3.0
2785	4.0
2786	4.0
2787	2.0
2788	4.0
2789	4.0
279	3.0
2790	3.0
2791	4.0
2792	5.0
2793	3.0
2794	4.5
2795	2.0
2796	5.0
2797	2.5
2798	2.0
2799	3.0
28	3.0
280	4.0
2800	3.0
2801	3.0
2802	3.0
2803	5.0
2804	4.0
2805	4.0
2806	4.0
2807	5.0
2808	4.0
2809	3.0
281	3.0
2810	4.0
2811	2.5
2812	4.5
2813	4.0
2814	2.0
2815	1.0
2816	3.5
2817	2.0
2818	3.0
2819	4.0
282	3.0
2820	3.5
2821	2.0
2822	3.0
2823	3.5
2824	1.0
2825	3.0
2826	4.0
2827	3.0
2828	3.0
2829	2.5
283	3.5
2830	3.0
2831	5.0
2832	3.0
2833	3.5
2834	3.0
2835	3.5
2836	4.0
2837	3.5
2838	5.0
2839	4.0
284	2.0
2840	3.0
2841	2.0
2842	2.5
2843	1.0
2844	1.5
2845	3.0
2846	2.5
2847	3.0
2848	3.0
2849	3.0
285	2.5
2850	3.0
2851	2.0
2852	4.5
2853	3.0
2854	2.5
2855	3.0
2856	3.0
2857	4.5
2858	5.0
2859	2.0
286	3.0
2860	2.5
2861	4.0
2862	4.0
2863	3.0
2864	3.0
2865	3.5
2866	5.0
2867	3.0
2868	4.0
2869	3.0
287	2.5
2870	4.0
2871	4.0
2872	5.0
2873	4.5
2874	2.0
2875	4.0
2876	3.0
2877	5.0
2878	5.0
2879	4.0
288	3.0
2880	4.0
2881	2.0
2882	2.0
2883	3.5
2884	4.0
2885	4.0
2886	5.0
2887	2.5
2888	3.0
2889	1.5
289	1.0
2890	4.0
2891	3.0
2892	4.0
2893	3.0
2894	4.0
2895	5.0
2896	3.5
2897	2.5
2898	3.5
2899	4.0
29	4.0
290	1.0
2900	3.0
2901	3.0
2902	4.0
2903	4.0
2904	3.0
2905	3.5
2906	1.0
2907	4.5
2908	5.0
2909	4.0
291	2.5
2910	5.0
2911	1.0
2912	4.0
2913	5.0
2914	4.0
2915	4.0
2916	3.5
2917	4.0
2918	2.0
2919	3.0
292	5.0
2920	3.5
2921	5.0
2922	3.5
2923	1.5
2924	2.5
2925	4.0
2926	5.0
2927	3.5
2928	4.5
2929	2.0
293	4.5
2930	3.0
2931	3.0
2932	2.0
2933	3.0
2934	3.0
2935	3.0
2936	2.0
2937	4.0
2938	5.0
2939	5.0
294	3.5
2940	4.0
2941	4.5
2942	4.5
2943	4.0
2944	4.0
2945	3.0
2946	3.0
2947	2.5
2948	1.0
2949	2.0
295	3.0
2950	3.0
2951	3.0
2952	4.0
2953	5.0
2954	4.0
2955	4.0
2956	4.0
2957	2.0
2958	4.0
2959	2.0
296	1.0
2960	3.0
2961	3.0
2962	2.0
2963	2.0
2964	2.0
2965	3.0
2966	4.0
2967	3.0
2968	3.0
2969	2.5
297	3.0
2970	1.5
2971	5.0
2972	1.0
2973	2.0
2974	3.0
2975	2.5
2976	5.0
2977	3.0
2978	3.0
2979	4.0
298	4.0
2980	4.0
2981	3.0
2982	4.0
2983	2.5
2984	4.5
2985	3.0
2986	4.0
2987	4.0
2988	2.0
2989	3.0
299	4.0
2990	4.5
2991	4.5
2992	4.0
2993	2.5
2994	3.0
2995	4.0
2996	3.0
2997	2.5
2998	4.0
2999	5.0
3	4.0
30	4.0
300	1.5
3000	3.0
3001	4.0
3002	2.0
3003	5.0
3004	1.0
3005	4.0
3006	3.5
3007	3.0
3008	3.0
3009	4.0
301	1.0
3010	2.5
3011	1.0
3012	1.0
3013	3.0
3014	3.0
3015	3.0
3016	4.0
3017	4.0
3018	1.0
3019	4.5
302	3.0
3020	4.0
3021	2.0
3022	4.0
3023	5.0
3024	1.0
3025	4.0
3026	3.0
3027	2.0
3028	3.0
3029	2.0
303	4.0
3030	4.0
3031	2.0
3032	4.5
3033	4.5
3034	2.0
3035	4.0
3036	2.5
3037	3.0
3038	3.0
3039	5.0
304	5.0
3040	1.0
3041	2.5
3042	3.0
3043	3.0
3044	3.5
3045	4.0
3046	5.0
3047	3.0
3048	1.0
3049	3.0
305	4.5
3050	3.0
3051	4.0
3052	3.0
3053	3.0
3054	5.0
3055	4.0
3056	2.0
3057	3.0
3058	4.0
3059	2.5
306	3.0
3060	5.0
3061	4.0
3062	4.0
3063	3.0
3064	2.0
3065	4.0
3066	4.0
3067	3.5
3068	1.5
3069	3.5
307	3.0
3070	1.0
3071	3.5
3072	5.0
3073	4.0
3074	1.0
3075	4.0
3076	2.0
3077	3.5
3078	5.0
3079	5.0
308	2.0
3080	4.5
3081	4.0
3082	3.0
3083	3.0
3084	4.0
3085	4.0
3086	3.0
3087	4.0
3088	3.0
3089	3.0
309	3.0
3090	4.0
3091	2.5
3092	5.0
3093	2.5
3094	2.0
3095	3.0
3096	2.0
3097	3.0
3098	3.0
3099	4.5
31	3.0
310	4.0
3100	2.0
3101	3.0
3102	5.0
3103	1.5
3104	2.0
3105	3.0
3106	4.0
3107	3.0
3108	1.0
3109	5.0
311	4.0
3110	2.0
3111	3.5
3112	4.5
3113	4.0
3114	4.0
3115	3.0
3116	4.0
3117	1.0
3118	1.0
3119	4.0
312	2.0
3120	5.0
3121	4.0
3122	4.5
3123	2.0
3124	5.0
3125	3.0
3126	3.5
3127	5.0
3128	3.0
3129	3.5
313	3.5
3130	3.5
3131	1.0
3132	4.0
3133	5.0
3134	2.5
3135	3.0
3136	2.0
3137	3.0
3138	3.0
3139	3.0
314	2.0
3140	4.0
3141	2.0
3142	3.5
3143	3.0
3144	4.5
3145	3.0
3146	3.0
3147	1.0
3148	1.0
3149	3.5
315	1.0
3150	5.0
3151	3.5
3152	5.0
3153	3.0
3154	3.5
3155	4.0
3156	3.0
3157	5.0
3158	4.5
3159	2.0
316	4.5
3160	3.5
3161	2.5
3162	3.0
3163	3.0
3164	4.5
3165	3.5
3166	3.0
3167	2.0
3168	3.0
3169	2.5
317	4.0
3170	5.0
3171	3.5
3172	4.5
3173	4.0
3174	2.5
3175	4.0
3176	4.0
3177	3.0
3178	3.0
3179	3.0
318	2.0
3180	3.0
3181	4.0
3182	3.0
3183	5.0
3184	3.0
3185	3.0
3186	3.0
3187	4.0
3188	3.5
3189	1.5
319	4.0
3190	3.0
3191	3.0
3192	2.0
3193	3.0
3194	4.5
3195	4.5
3196	1.0
3197	3.5
3198	3.0
3199	2.0
32	4.5
320	2.5
3200	4.0
3201	2.5
3202	3.0
3203	3.0
3204	3.0
3205	1.0
3206	4.0
3207	2.5
3208	2.0
3209	4.0
321	2.5
3210	1.0
3211	4.0
3212	3.0
3213	2.5
3214	3.5
3215	3.0
3216	3.5
3217	4.0
3218	5.0
3219	3.0
322	2.5
3220	2.0
3221	4.0
3222	3.5
3223	3.5
3224	3.0
3225	4.0
3226	3.5
3227	4.0
3228	3.0
3229	3.0
323	1.5
3230	2.5
3231	3.0
3232	4.0
3233	5.0
3234	2.0
3235	2.0
3236	3.0
3237	2.5
3238	4.0
3239	5.0
324	2.0
3240	4.0
3241	3.0
3242	3.0
3243	2.5
3244	4.5
3245	3.0
3246	4.0
3247	4.0
3248	4.0
3249	2.5
325	4.0
3250	4.5
3251	4.0
3252	2.0
3253	3.5
3254	2.5
3255	1.0
3256	4.0
3257	2.5
3258	3.0
3259	4.0
326	3.0
3260	3.0
3261	3.0
3262	5.0
3263	3.0
3264	4.0
3265	4.0
3266	5.0
3267	3.0
3268	3.0
3269	4.0
327	3.5
3270	2.0
3271	1.5
3272	4.0
3273	3.0
3274	4.0
3275	3.0
3276	4.5
3277	3.5
3278	3.5
3279	4.5
328	2.0
3280	5.0
3281	3.5
3282	3.0
3283	4.5
3284	3.0
3285	3.0
3286	2.0
3287	5.0
3288	4.0
3289	3.0
329	4.5
3290	5.0
3291	5.0
3292	2.0
3293	4.0
3294	1.5
3295	3.0
3296	1.0
3297	2.5
3298	2.0
3299	3.0
33	1.5
330	4.5
3300	4.0
3301	2.0
3302	4.0
3303	5.0
3304	3.0
3305	4.5
3306	3.5
3307	4.5
3308	1.0
3309	3.0
331	3.0
3310	3.5
3311	1.0
3312	3.0
3313	1.5
3314	2.0
3315	4.0
3316	3.0
3317	4.0
3318	1.0
3319	3.0
332	2.0
3320	3.0
3321	3.0
3322	5.0
3323	3.0
3324	3.0
3325	4.0
3326	3.5
3327	2.5
3328	5.0
3329	4.0
333	3.0
3330	5.0
3331	3.0
3332	3.0
3333	3.5
3334	4.0
3335	3.5
3336	2.0
3337	2.0
3338	5.0
3339	1.0
334	3.0
3340	2.5
3341	3.0
3342	5.0
3343	2.5
3344	4.0
3345	2.0
3346	4.0
3347	3.0
3348	4.0
3349	3.0
335	1.0
3350	3.5
3351	4.0
3352	3.5
3353	3.0
3354	5.0
3355	3.0
3356	2.0
3357	5.0
3358	3.0
3359	3.5
336	3.0
3360	3.0
3361	1.0
3362	2.5
3363	2.0
3364	4.0
3365	4.5
3366	3.5
3367	3.0
3368	4.0
3369	4.0
337	3.0
3370	1.0
3371	2.5
3372	2.5
3373	3.0
3374	4.0
3375	3.0
3376	3.0
3377	3.0
3378	3.0
3379	1.0
338	2.5
3380	4.0
3381	4.5
3382	1.0
3383	4.0
3384	4.0
3385	4.0
3386	3.5
3387	5.0
3388	2.0
3389	3.0
339	4.0
3390	5.0
3391	4.0
3392	3.0
3393	2.0
3394	4.0
3395	1.0
3396	4.0
3397	2.0
3398	4.0
3399	3.5
34	4.0
340	2.5
3400	1.0
3401	2.0
3402	4.0
3403	5.0
3404	4.0
3405	3.0
3406	3.5
3407	2.5
3408	4.5
3409	2.5
341	4.0
3410	4.0
3411	3.5
3412	2.0
3413	4.0
3414	4.0
3415	2.0
3416	2.5
3417	1.0
3418	4.0
3419	3.0
342	3.0
3420	3.0
3421	3.0
3422	4.5
3423	4.5
3424	3.0
3425	3.0
3426	2.0
3427	4.0
3428	4.5
3429	3.0
343	3.0
3430	4.0
3431	2.0
3432	3.0
3433	5.0
3434	3.0
3435	2.0
3436	3.0
3437	3.5
3438	3.5
3439	4.0
344	3.0
3440	3.0
3441	4.0
3442	4.0
3443	2.0
3444	4.0
3445	1.0
3446	5.0
3447	2.5
3448	2.0
3449	3.0
345	3.0
3450	2.0
3451	4.0
3452	3.0
3453	5.0
3454	3.5
3455	3.0
3456	4.0
3457	3.5
3458	1.5
3459	2.5
346	4.0
3460	2.0
3461	4.0
3462	3.0
3463	3.5
3464	3.0
3465	2.0
3466	3.0
3467	4.0
3468	4.0
3469	3.0
347	2.0
3470	3.0
3471	1.0
3472	3.0
3473	4.5
3474	3.5
3475	3.5
3476	4.0
3477	3.0
3478	3.5
3479	4.0
348	4.0
3480	3.0
3481	5.0
3482	5.0
3483	3.0
3484	3.0
3485	2.0
3486	3.5
3487	1.0
3488	2.5
3489	3.0
349	3.0
3490	3.5
3491	2.5
3492	4.5
3493	2.0
3494	4.5
3495	3.0
3496	3.5
3497	1.5
3498	2.0
3499	3.0
35	2.0
350	2.0
3500	4.0
3501	4.0
3502	3.0
3503	4.5
3504	4.0
3505	3.5
3506	3.0
3507	4.0
3508	3.5
3509	5.0
351	4.0
3510	3.5
3511	1.0
3512	3.5
3513	3.5
3514	1.0
3515	4.0
3516	3.0
3517	5.0
3518	4.0
3519	3.0
352	2.0
3520	3.0
3521	1.0
3522	3.0
3523	4.0
3524	4.0
3525	1.0
3526	3.0
3527	3.5
3528	5.0
3529	3.0
353	2.5
3530	3.5
3531	4.0
3532	3.5
3533	3.0
3534	2.0
3535	3.0
3536	2.5
3537	2.0
3538	3.0
3539	3.0
354	1.0
3540	1.0
3541	4.0
3542	4.0
3543	2.0
3544	4.0
3545	2.0
3546	2.5
3547	4.5
3548	1.0
3549	2.5
355	2.5
3550	5.0
3551	3.0
3552	2.0
3553	2.5
3554	3.0
3555	2.0
3556	1.0
3557	3.0
3558	3.5
3559	4.5
356	4.0
3560	4.0
3561	1.5
3562	3.0
3563	4.0
3564	1.0
3565	4.0
3566	2.5
3567	2.5
3568	3.0
3569	4.0
357	3.5
3570	4.0
3571	3.5
3572	3.0
3573	2.5
3574	3.0
3575	1.0
3576	3.0
3577	3.0
3578	5.0
3579	5.0
358	2.5
3580	1.5
3581	2.0
3582	5.0
3583	4.5
3584	3.5
3585	2.5
3586	5.0
3587	4.5
3588	4.5
3589	2.0
359	2.0
3590	3.5
3591	5.0
3592	3.0
3593	5.0
3594	3.0
3595	1.5
3596	4.0
3597	3.0
3598	3.0
3599	5.0
36	3.0
360	3.0
3600	3.0
3601	4.0
3602	1.5
3603	4.5
3604	3.0
3605	5.0
3606	1.0
3607	1.0
3608	4.5
3609	4.5
361	4.0
3610	4.0
3611	2.0
3612	4.0
3613	3.0
3614	3.0
3615	5.0
3616	4.0
3617	3.5
3618	3.0
3619	3.0
362	2.5
3620	2.5
3621	2.0
3622	5.0
3623	3.0
3624	3.5
3625	4.0
3626	3.0
3627	3.0
3628	2.5
3629	3.5
363	3.0
3630	5.0
3631	3.0
3632	2.0
3633	4.0
3634	3.0
3635	3.0
3636	3.0
3637	3.5
3638	3.5
3639	2.5
364	4.0
3640	3.0
3641	1.0
3642	3.0
3643	4.0
3644	1.5
3645	3.0
3646	4.5
3647	3.0
3648	5.0
3649	3.5
365	4.0
3650	4.0
3651	3.5
3652	2.5
3653	3.0
3654	2.0
3655	1.5
3656	4.0
3657	2.0
3658	1.0
3659	1.0
366	3.5
3660	5.0
3661	2.0
3662	4.0
3663	3.0
3664	2.5
3665	2.0
3666	3.0
3667	1.5
3668	5.0
3669	4.0
367	4.0
3670	3.0
3671	4.0
3672	3.0
3673	3.5
3674	4.0
3675	4.0
3676	4.5
3677	3.5
3678	1.5
3679	4.0
368	5.0
3680	1.5
3681	3.5
3682	3.0
3683	2.0
3684	5.0
3685	5.0
3686	2.5
3687	4.0
3688	2.5
3689	4.0
369	2.5
3690	4.0
3691	3.0
3692	2.0
3693	4.0
3694	2.0
3695	2.5
3696	4.0
3697	1.5
3698	2.5
3699	4.0
37	4.0
370	4.0
3700	3.0
3701	4.0
3702	4.0
3703	3.0
3704	3.0
3705	4.0
3706	1.0
3707	3.0
3708	3.0
3709	3.5
371	3.5
3710	4.0
3711	2.5
3712	4.0
3713	4.0
3714	3.5
3715	4.0
3716	3.0
3717	3.0
3718	2.0
3719	5.0
372	2.5
3720	4.0
3721	3.0
3722	4.0
3723	2.0
3724	3.5
3725	3.0
3726	4.0
3727	2.5
3728	1.0
3729	1.0
373	5.0
3730	4.0
3731	3.0
3732	1.5
3733	3.0
3734	4.0
3735	3.5
3736	4.0
3737	2.0
3738	2.5
3739	5.0
374	2.0
3740	2.0
3741	3.0
3742	4.0
3743	4.0
3744	3.0
3745	2.0
3746	3.0
3747	1.0
3748	3.0
3749	3.0
375	4.0
3750	5.0
3751	4.5
3752	4.0
3753	1.5
3754	3.0
3755	2.5
3756	2.0
3757	4.0
3758	4.0
3759	2.5
376	5.0
3760	2.0
3761	2.0
3762	4.0
3763	3.0
3764	4.0
3765	4.0
3766	2.5
3767	2.0
3768	1.0
3769	3.0
377	2.5
3770	4.5
3771	2.0
3772	3.0
3773	3.0
3774	4.0
3775	3.0
3776	2.5
3777	5.0
3778	2.5
3779	5.0
378	3.0
3780	4.0
3781	1.5
3782	1.5
3783	3.0
3784	3.0
3785	3.0
3786	2.0
3787	3.5
3788	2.0
3789	4.0
379	2.5
3790	1.0
3791	3.5
3792	1.0
3793	1.5
3794	3.0
3795	4.0
3796	3.5
3797	3.0
3798	5.0
3799	3.0
38	2.5
380	3.0
3800	3.0
3801	4.0
3802	3.0
3803	2.0
3804	4.0
3805	3.0
3806	3.0
3807	2.0
3808	2.0
3809	2.0
381	4.0
3810	3.0
3811	1.5
3812	3.5
3813	4.0
3814	3.0
3815	4.0
3816	4.0
3817	3.0
3818	4.0
3819	3.5
382	3.5
3820	3.0
3821	3.5
3822	4.0
3823	3.0
3824	4.0
3825	4.5
3826	3.0
3827	4.5
3828	4.0
3829	1.5
383	3.0
3830	4.0
3831	1.0
3832	3.0
3833	4.5
3834	3.0
3835	3.0
3836	3.0
3837	5.0
3838	4.5
3839	1.0
384	4.0
3840	2.0
3841	2.5
3842	4.5
3843	3.0
3844	3.0
3845	1.0
3846	3.0
3847	4.0
3848	3.0
3849	1.5
385	3.5
3850	2.0
3851	3.0
3852	2.5
3853	3.0
3854	2.0
3855	4.0
3856	3.0
3857	2.5
3858	5.0
3859	4.0
386	2.0
3860	3.5
3861	2.5
3862	4.0
3863	4.0
3864	4.5
3865	2.5
3866	3.5
3867	3.0
3868	5.0
3869	1.0
387	4.0
3870	2.0
3871	3.0
3872	3.0
3873	2.0
3874	2.5
3875	2.0
3876	4.0
3877	2.0
3878	1.0
3879	3.0
388	1.0
3880	4.0
3881	2.5
3882	3.0
3883	4.0
3884	2.0
3885	4.0
3886	3.5
3887	5.0
3888	3.0
3889	3.0
389	3.0
3890	4.0
3891	3.0
3892	3.0
3893	2.0
3894	1.0
3895	3.5
3896	3.0
3897	1.0
3898	3.0
3899	4.0
39	2.5
390	2.5
3900	3.0
3901	2.5
3902	3.5
3903	3.0
3904	3.5
3905	3.0
3906	2.5
3907	3.5
3908	2.0
3909	1.5
391	4.5
3910	4.0
3911	3.0
3912	4.0
3913	1.0
3914	4.0
3915	3.0
3916	2.5
3917	5.0
3918	2.5
3919	2.5
392	3.0
3920	2.0
3921	4.0
3922	2.5
3923	1.0
3924	3.5
3925	2.0
3926	3.0
3927	4.5
3928	4.5
3929	5.0
393	3.0
3930	3.0
3931	3.0
3932	4.0
3933	1.0
3934	5.0
3935	3.0
3936	3.0
3937	2.0
3938	4.0
3939	5.0
394	5.0
3940	5.0
3941	2.5
3942	3.0
3943	5.0
3944	3.0
3945	3.0
3946	3.0
3947	3.0
3948	5.0
3949	4.0
395	4.0
3950	4.0
3951	4.0
3952	1.0
3953	5.0
3954	5.0
3955	4.5
3956	3.0
3957	1.0
3958	3.5
3959	4.0
396	1.0
3960	4.0
3961	4.5
3962	4.0
3963	4.0
3964	4.0
3965	3.5
3966	3.0
3967	4.0
3968	4.0
3969	3.5
397	2.5
3970	4.0
3971	3.5
3972	3.0
3973	1.5
3974	5.0
3975	5.0
3976	4.0
3977	5.0
3978	2.0
3979	5.0
398	3.0
3980	3.0
3981	5.0
3982	2.0
3983	1.5
3984	4.0
3985	2.0
3986	4.0
3987	5.0
3988	2.0
3989	3.0
399	3.0
3990	3.0
3991	2.5
3992	4.0
3993	3.5
3994	4.0
3995	3.5
3996	3.5
3997	2.0
3998	4.5
3999	1.0
4	3.0
40	2.0
400	5.0
4000	3.0
4001	2.5
4002	2.5
4003	3.5
4004	3.5
4005	5.0
4006	4.0
4007	3.0
4008	4.5
4009	2.0
401	2.0
4010	4.0
4011	5.0
4012	3.0
4013	4.5
4014	4.0
4015	1.5
4016	1.5
4017	3.0
4018	2.5
4019	3.0
402	1.0
4020	1.0
4021	2.0
4022	3.0
4023	3.5
4024	2.0
4025	3.0
4026	2.5
4027	2.0
4028	4.0
4029	3.5
403	1.5
4030	3.0
4031	5.0
4032	2.0
4033	4.5
4034	2.0
4035	1.5
4036	3.5
4037	4.0
4038	2.0
4039	1.0
404	1.0
4040	5.0
4041	4.5
4042	3.5
4043	5.0
4044	2.0
4045	4.0
4046	3.0
4047	2.0
4048	4.0
4049	3.5
405	5.0
4050	2.5
4051	3.0
4052	4.0
4053	3.0
4054	5.0
4055	3.0
4056	2.0
4057	3.0
4058	5.0
4059	5.0
406	3.0
4060	4.0
4061	4.0
4062	3.0
4063	5.0
4064	3.5
4065	2.5
4066	3.0
4067	3.0
4068	3.5
4069	3.5
407	3.0
4070	2.0
4071	4.0
4072	3.0
4073	2.5
4074	3.0
4075	1.0
4076	1.5
4077	3.0
4078	4.5
4079	3.0
408	3.0
4080	3.5
4081	3.5
4082	2.5
4083	2.0
4084	5.0
4085	4.0
4086	2.0
4087	2.0
4088	3.0
4089	3.0
409	4.0
4090	3.0
4091	3.5
4092	2.0
4093	2.5
4094	2.0
4095	3.0
4096	3.0
4097	5.0
4098	3.0
4099	5.0
41	1.0
410	5.0
4100	2.5
4101	2.0
4102	3.0
4103	3.0
4104	4.0
4105	5.0
4106	3.0
4107	3.5
4108	3.0
4109	2.5
411	3.0
4110	3.0
4111	2.0
4112	5.0
4113	2.0
4114	3.5
4115	3.0
4116	4.0
4117	3.5
4118	3.0
4119	3.0
412	3.0
4120	2.0
4121	4.0
4122	3.0
4123	5.0
4124	3.0
4125	1.0
4126	4.0
4127	5.0
4128	4.0
4129	4.5
413	4.0
4130	3.0
4131	2.0
4132	2.5
4133	3.5
4134	3.0
4135	4.0
4136	2.5
4137	4.0
4138	4.5
4139	4.0
414	3.0
4140	2.0
4141	3.0
4142	3.0
4143	5.0
4144	2.5
4145	2.0
4146	3.0
4147	3.0
4148	2.0
4149	5.0
415	1.5
4150	3.0
4151	3.0
4152	3.0
4153	1.5
4154	1.5
4155	3.0
4156	5.0
4157	4.0
4158	3.0
4159	4.0
416	4.0
4160	3.0
4161	5.0
4162	4.0
4163	4.5
4164	3.0
4165	1.0
4166	4.0
4167	4.5
4168	4.0
4169	2.0
417	4.0
4170	3.0
4171	3.0
4172	3.0
4173	3.0
4174	4.0
4175	4.0
4176	2.5
4177	3.0
4178	2.5
4179	2.5
418	3.0
4180	5.0
4181	3.0
4182	2.0
4183	2.0
4184	3.5
4185	4.5
4186	3.0
4187	3.5
4188	3.5
4189	4.0
419	5.0
4190	3.0
4191	3.0
4192	2.0
4193	2.5
4194	2.0
4195	2.0
4196	3.5
4197	3.0
4198	3.0
4199	3.0
42	3.0
420	3.0
4200	3.0
4201	3.5
4202	1.0
4203	5.0
4204	3.0
4205	2.0
4206	3.5
4207	5.0
4208	4.0
4209	1.0
421	5.0
4210	4.0
4211	3.0
4212	4.0
4213	3.0
4214	2.0
4215	2.5
4216	3.5
4217	2.5
4218	3.0
4219	3.5
422	4.0
4220	4.0
4221	2.0
4222	3.0
4223	1.5
4224	5.0
4225	5.0
4226	4.0
4227	2.5
4228	4.0
4229	4.0
423	4.0
4230	3.0
4231	2.5
4232	4.0
4233	2.5
4234	3.5
4235	4.0
4236	4.0
4237	1.5
4238	5.0
4239	3.0
424	4.0
4240	4.0
4241	3.0
4242	1.0
4243	1.5
4244	3.0
4245	4.0
4246	1.0
4247	5.0
4248	3.0
4249	3.5
425	4.0
4250	2.0
4251	1.0
4252	4.0
4253	4.0
4254	5.0
4255	4.0
4256	3.0
4257	2.0
4258	4.5
4259	4.0
426	4.0
4260	4.0
4261	4.5
4262	2.0
4263	2.0
4264	3.5
4265	3.5
4266	5.0
4267	2.0
4268	4.5
4269	4.0
427	3.0
4270	3.0
4271	3.5
4272	3.0
4273	4.5
4274	3.0
4275	3.0
4276	3.0
4277	3.5
4278	2.5
4279	4.0
428	4.0
4280	3.0
4281	2.0
4282	1.0
4283	3.0
4284	4.0
4285	4.0
4286	3.5
4287	4.0
4288	4.0
4289	3.0
429	4.0
4290	4.0
4291	3.0
4292	3.0
4293	2.5
4294	4.5
4295	3.5
4296	2.5
4297	2.5
4298	3.0
4299	4.0
43	3.0
430	4.5
4300	2.0
4301	5.0
4302	4.0
4303	1.5
4304	3.0
4305	4.0
4306	5.0
4307	3.0
4308	5.0
4309	1.5
431	2.0
4310	4.0
4311	2.5
4312	2.0
4313	5.0
4314	2.5
4315	5.0
4316	5.0
4317	5.0
4318	3.0
4319	4.0
432	5.0
4320	3.0
4321	5.0
4322	1.0
4323	3.0
4324	1.0
4325	3.0
4326	3.0
4327	4.0
4328	2.0
4329	3.5
433	3.0
4330	4.0
4331	3.5
4332	2.0
4333	4.0
4334	3.0
4335	5.0
4336	2.0
4337	2.0
4338	4.0
4339	3.5
434	3.5
4340	4.0
4341	4.5
4342	4.5
4343	2.5
4344	1.0
4345	5.0
4346	4.0
4347	3.5
4348	4.0
4349	3.0
435	3.0
4350	4.0
4351	3.5
4352	3.0
4353	5.0
4354	2.0
4355	2.0
4356	4.0
4357	3.5
4358	3.5
4359	4.5
436	3.0
4360	5.0
4361	3.0
4362	2.0
4363	3.0
4364	4.0
4365	2.0
4366	3.5
4367	4.0
4368	2.5
4369	4.0
437	1.0
4370	3.0
4371	3.0
4372	3.5
4373	4.0
4374	3.0
4375	3.0
4376	3.0
4377	1.5
4378	3.0
4379	2.0
438	3.5
4380	4.0
4381	4.0
4382	4.5
4383	3.0
4384	4.0
4385	3.5
4386	1.0
4387	4.0
4388	5.0
4389	3.0
439	4.0
4390	4.5
4391	4.0
4392	5.0
4393	3.0
4394	1.0
4395	2.5
4396	2.5
4397	3.0
4398	3.0
4399	2.0
44	3.0
440	5.0
4400	2.5
4401	3.0
4402	3.5
4403	1.5
4404	4.0
4405	5.0
4406	3.5
4407	5.0
4408	1.0
4409	4.0
441	4.0
4410	3.0
4411	3.5
4412	2.0
4413	3.0
4414	2.5
4415	3.0
4416	5.0
4417	4.0
4418	4.0
4419	3.5
442	3.5
4420	4.0
4421	3.0
4422	1.0
4423	1.0
4424	4.0
4425	1.5
4426	3.5
4427	5.0
4428	5.0
4429	4.0
443	5.0
4430	2.0
4431	3.5
4432	5.0
4433	3.0
4434	2.0
4435	2.0
4436	2.0
4437	1.5
4438	4.0
4439	1.0
444	3.5
4440	3.0
4441	4.0
4442	1.0
4443	3.0
4444	3.0
4445	4.5
4446	3.0
4447	3.5
4448	4.5
4449	5.0
445	4.5
4450	3.0
4451	4.0
4452	4.0
4453	2.5
4454	5.0
4455	2.5
4456	5.0
4457	3.5
4458	3.0
4459	5.0
446	3.0
4460	3.0
4461	3.0
4462	2.5
4463	3.5
4464	1.0
4465	4.0
4466	1.0
4467	5.0
4468	2.0
4469	3.0
447	5.0
4470	4.5
4471	5.0
4472	3.5
4473	2.0
4474	4.0
4475	4.0
4476	5.0
4477	4.0
4478	4.0
4479	4.0
448	4.0
4480	1.5
4481	5.0
4482	5.0
4483	3.5
4484	3.0
4485	2.0
4486	3.0
4487	2.5
4488	4.0
4489	4.0
449	2.0
4490	3.0
4491	3.0
4492	2.0
4493	5.0
4494	2.5
4495	2.5
4496	4.0
4497	3.0
4498	4.0
4499	3.0
45	1.0
450	4.0
451	3.0
452	3.5
453	1.5
454	5.0
455	4.5
456	4.5
457	4.0
458	3.0
459	3.0
46	3.5
460	2.5
461	3.0
462	5.0
463	4.5
464	2.0
465	3.0
466	3.5
467	3.0
468	2.0
469	5.0
47	5.0
470	3.0
471	4.0
472	4.0
473	4.5
474	5.0
475	5.0
476	5.0
477	4.0
478	2.0
479	3.5
48	1.0
480	3.0
481	4.0
482	4.5
483	1.5
484	3.5
485	3.0
486	4.0
487	5.0
488	4.0
489	3.5
49	1.0
490	2.0
491	3.5
492	3.0
493	3.0
494	3.0
495	5.0
496	3.0
497	5.0
498	4.5
499	2.0
5	4.0
50	2.0
500	4.0
501	5.0
502	4.0
503	3.0
504	4.0
505	3.0
506	3.0
507	3.0
508	3.5
509	2.5
51	4.5
510	4.5
511	1.0
512	2.0
513	2.5
514	3.0
515	1.0
516	4.0
517	2.0
518	4.5
519	5.0
52	4.0
520	5.0
521	2.5
522	3.0
523	4.0
524	3.5
525	2.0
526	2.0
527	2.0
528	1.5
529	4.0
53	1.0
530	2.0
531	2.5
532	4.0
533	4.0
534	5.0
535	3.0
536	4.0
537	4.0
538	2.0
539	5.0
54	4.0
540	3.0
541	1.5
542	3.0
543	4.0
544	1.0
545	2.5
546	3.0
547	2.0
548	3.0
549	3.5
55	2.0
550	4.0
551	4.0
552	3.5
553	4.0
554	1.5
555	3.5
556	4.0
557	5.0
558	4.0
559	5.0
56	4.0
560	4.0
561	4.0
562	4.0
563	2.0
564	4.0
565	3.5
566	1.0
567	3.5
568	3.0
569	3.0
57	4.0
570	1.5
571	4.5
572	4.5
573	1.5
574	2.5
575	3.5
576	5.0
577	5.0
578	2.5
579	4.0
58	4.0
580	3.0
581	3.5
582	2.0
583	5.0
584	2.0
585	4.0
586	3.0
587	3.5
588	3.0
589	3.0
59	2.5
590	3.0
591	1.5
592	2.0
593	1.5
594	2.5
595	5.0
596	3.0
597	3.0
598	3.0
599	3.5
6	3.0
60	1.0
600	1.0
601	3.0
602	3.5
603	2.0
604	3.0
605	4.0
606	4.0
607	3.0
608	1.5
609	3.5
61	4.0
610	3.5
611	1.5
612	3.0
613	3.5
614	4.5
615	3.5
616	4.0
617	4.0
618	5.0
619	4.0
62	1.0
620	3.0
621	3.0
622	3.0
623	1.0
624	4.0
625	1.0
626	5.0
627	4.0
628	4.0
629	4.0
63	4.0
630	3.0
631	5.0
632	2.5
633	4.0
634	3.0
635	3.0
636	2.0
637	4.5
638	3.0
639	3.0
64	2.0
640	2.0
641	4.0
642	3.0
643	2.5
644	2.0
645	4.0
646	4.0
647	4.0
648	3.0
649	4.0
65	1.0
650	2.0
651	3.0
652	3.0
653	2.5
654	2.0
655	1.0
656	5.0
657	4.0
658	3.0
659	3.0
66	1.0
660	3.0
661	5.0
662	5.0
663	4.0
664	5.0
665	3.0
666	3.0
667	3.5
668	3.0
669	1.0
67	3.0
670	4.0
671	2.5
672	2.5
673	4.5
674	3.0
675	1.0
676	3.0
677	4.0
678	3.0
679	1.5
68	3.0
680	3.0
681	3.5
682	4.0
683	2.5
684	3.0
685	3.0
686	2.0
687	4.0
688	2.5
689	3.0
69	4.0
690	4.0
691	2.5
692	3.0
693	2.5
694	5.0
695	1.0
696	3.0
697	4.0
698	2.0
699	4.0
7	2.0
70	3.0
700	2.0
701	1.0
702	2.0
703	4.0
704	2.0
705	4.0
706	3.0
707	2.0
708	3.0
709	3.0
71	4.0
710	5.0
711	2.0
712	2.5
713	3.0
714	2.0
715	4.0
716	2.0
717	3.0
718	3.0
719	1.5
72	4.0
720	3.5
721	2.0
722	5.0
723	3.5
724	5.0
725	5.0
726	1.0
727	3.0
728	4.5
729	1.5
73	5.0
730	4.5
731	3.0
732	3.0
733	2.5
734	5.0
735	3.0
736	3.0
737	4.0
738	3.0
739	3.5
74	3.5
740	3.0
741	1.0
742	3.0
743	2.0
744	3.0
745	2.0
746	3.0
747	4.5
748	4.0
749	3.0
75	4.0
750	3.0
751	4.0
752	5.0
753	4.0
754	2.5
755	4.0
756	4.0
757	5.0
758	4.5
759	3.5
76	4.0
760	4.5
761	1.0
762	4.0
763	5.0
764	5.0
765	5.0
766	3.0
767	4.5
768	3.0
769	3.0
77	3.5
770	2.5
771	4.0
772	4.0
773	4.0
774	5.0
775	4.5
776	4.0
777	3.5
778	5.0
779	1.0
78	3.0
780	4.0
781	4.0
782	3.0
783	3.0
784	3.5
785	4.0
786	4.0
787	2.0
788	2.0
789	5.0
79	4.0
790	4.0
791	4.0
792	2.5
793	3.0
794	3.0
795	4.0
796	1.0
797	3.0
798	3.0
799	4.5
8	4.0
80	2.5
800	3.0
801	2.5
802	4.0
803	4.0
804	4.0
805	3.5
806	3.5
807	4.0
808	4.0
809	3.5
81	3.0
810	5.0
811	3.0
812	3.5
813	2.5
814	2.0
815	4.0
816	5.0
817	3.0
818	3.5
819	2.5
82	4.0
820	1.0
821	3.0
822	4.0
823	3.0
824	4.0
825	4.0
826	3.5
827	4.0
828	3.0
829	3.0
83	3.5
830	4.0
831	3.0
832	4.5
833	4.5
834	1.5
835	5.0
836	3.0
837	3.0
838	2.5
839	3.0
84	3.0
840	2.5
841	3.0
842	4.0
843	4.0
844	1.0
845	4.0
846	2.5
847	4.0
848	2.0
849	3.0
85	4.0
850	5.0
851	4.5
852	4.0
853	4.0
854	3.0
855	2.0
856	1.0
857	4.0
858	4.5
859	4.5
86	1.5
860	1.0
861	3.0
862	3.0
863	5.0
864	5.0
865	4.0
866	5.0
867	2.0
868	3.0
869	4.0
87	3.0
870	3.0
871	3.5
872	4.0
873	2.0
874	2.5
875	2.0
876	4.5
877	1.0
878	2.5
879	2.0
88	2.5
880	5.0
881	2.5
882	4.5
883	4.5
884	4.0
885	3.5
886	5.0
887	2.0
888	3.0
889	4.5
89	2.0
890	2.0
891	2.0
892	3.0
893	4.0
894	3.5
895	5.0
896	5.0
897	2.5
898	3.0
899	4.0
9	4.0
90	5.0
900	4.0
901	5.0
902	2.0
903	3.0
904	2.0
905	3.0
906	3.0
907	4.5
908	4.0
909	2.5
91	5.0
910	2.5
911	2.0
912	3.5
913	4.5
914	3.5
915	1.0
916	2.5
917	3.5
918	3.5
919	3.5
92	3.0
920	2.0
921	2.0
922	3.0
923	5.0
924	5.0
925	5.0
926	3.0
927	3.0
928	2.0
929	3.0
93	3.0
930	2.5
931	2.0
932	3.0
933	4.0
934	4.0
935	4.0
936	1.0
937	3.0
938	2.0
939	5.0
94	3.0
940	3.0
941	2.0
942	2.0
943	4.0
944	2.0
945	4.0
946	5.0
947	4.5
948	2.5
949	4.0
95	3.0
950	3.0
951	4.0
952	4.0
953	3.5
954	3.0
955	3.0
956	2.0
957	4.0
958	3.5
959	3.5
96	4.0
960	2.0
961	4.0
962	3.0
963	4.5
964	4.5
965	2.5
966	2.5
967	3.0
968	4.0
969	1.5
97	2.5
970	1.0
971	5.0
972	3.5
973	5.0
974	4.0
975	1.0
976	5.0
977	2.0
978	3.0
979	3.0
98	4.0
980	4.0
981	3.0
982	4.0
983	1.0
984	4.0
985	5.0
986	3.0
987	3.0
988	4.0
989	3.5
99	2.0
990	2.5
991	4.0
992	4.0
993	3.0
994	5.0
995	2.0
996	4.0
997	3.0
998	1.5
999	3.0
