1	1.0669434
10	1.1316317
100	1.1748092
1000	1.2336311
1001	0.9915608
1002	1.2606885
1003	1.1535391
1004	0.92381626
1005	1.157533
1006	0.97534764
1007	1.0556349
1008	1.0395155
1009	1.1073009
101	1.1897968
1010	1.1652961
1011	0.90778774
1012	1.1359675
1013	1.2610538
1014	1.0829512
1015	1.2386127
1016	0.9719414
1017	1.0632669
1018	1.1762857
1019	0.94038314
102	1.2186234
1020	0.94639784
1021	0.9000418
1022	1.0029081
1023	1.0819685
1024	1.0183753
1025	1.0107726
1026	0.96579844
1027	0.9056772
1028	1.0819486
1029	1.2598872
103	1.3398504
1030	1.1783658
1031	0.9911415
1032	1.0623391
1033	1.0436708
1034	0.9422619
1035	0.9412935
1036	1.1246662
1037	1.1846201
1038	1.2545171
1039	1.0907856
104	1.003452
1040	1.306931
1041	1.2636977
1042	1.0677869
1043	1.0729867
1044	1.121107
1045	0.98937887
1046	1.0112782
1047	1.0365481
1048	1.2200899
1049	0.9666179
105	1.0097047
1050	1.1302775
1051	0.9186792
1052	1.1818511
1053	1.2241709
1054	1.1404102
1055	1.0401608
1056	0.99244535
1057	1.2597932
1058	0.9423988
1059	1.1099329
106	1.0421942
1060	1.071813
1061	1.196355
1062	1.1010616
1063	1.2106208
1064	1.3616841
1065	1.0533375
1066	0.893962
1067	1.0280584
1068	1.0141453
1069	0.9264018
107	1.3046921
1070	1.126544
1071	1.17071
1072	0.94479835
1073	0.8915673
1074	0.8800797
1075	1.1212075
1076	1.2472689
1077	0.9444135
1078	1.0519673
1079	1.1490494
108	0.9490638
1080	1.029914
1081	1.040592
1082	1.1159395
1083	1.0717244
1084	1.0617799
1085	1.1265745
1086	1.2357775
1087	1.160035
1088	1.1720465
1089	1.2146494
109	0.99462944
1090	1.1133574
1091	1.2348282
1092	1.1378319
1093	1.2306352
1094	0.97937316
1095	0.97981435
1096	1.1139989
1097	1.1187196
1098	0.9406986
1099	1.0234958
11	1.1005459
110	0.9480465
1100	0.9803202
1101	1.228364
1102	0.98920554
1103	0.9592538
1104	1.0500022
1105	1.1434628
1106	1.2039632
1107	1.3136256
1108	1.1491799
1109	1.0456654
111	0.99429494
1110	0.93785584
1111	1.1693118
1112	1.1729803
1113	1.3078187
1114	0.9609082
1115	1.0162597
1116	0.9485564
1117	1.2085975
1118	1.0634338
1119	1.1868484
112	1.1072147
1120	1.030993
1121	1.2704318
1122	1.1280948
1123	0.9107363
1124	1.1098051
1125	1.024153
1126	1.1398234
1127	1.0325851
1128	1.1594334
1129	0.8618974
113	1.0222279
1130	1.0257653
1131	1.1877596
1132	0.9886686
1133	1.0742441
1134	0.9807174
1135	0.91189003
1136	1.26291
1137	1.2296852
1138	1.1484495
1139	1.046072
114	1.1615018
1140	0.9651101
1141	1.1389879
1142	1.1825358
1143	1.0460812
1144	0.99233705
1145	1.1225405
1146	1.1949842
1147	1.051335
1148	0.8724173
1149	1.126102
115	1.13733
1150	1.0887592
1151	1.0801891
1152	1.1629406
1153	1.1933297
1154	1.2896072
1155	1.0491669
1156	1.0357692
1157	1.0057578
1158	1.0395416
1159	1.1969968
116	1.0518434
1160	1.1031978
1161	1.2178077
1162	1.1455463
1163	0.95402586
1164	1.114238
1165	0.96207947
1166	1.1597595
1167	0.99846864
1168	1.1791923
1169	1.2805818
117	0.9993966
1170	1.0130029
1171	1.220973
1172	1.0591092
1173	1.0377052
1174	0.888639
1175	1.0506082
1176	0.9861042
1177	1.2319373
1178	1.2902999
1179	1.0140585
118	1.0932268
1180	0.88926744
1181	1.1576422
1182	0.9298062
1183	1.1384122
1184	1.3391523
1185	1.1353389
1186	0.9544785
1187	1.0660129
1188	1.0491347
1189	1.2181451
119	1.1191496
1190	1.0574713
1191	1.0706782
1192	1.1046491
1193	1.2029727
1194	1.261712
1195	1.3445596
1196	1.0039358
1197	1.1806988
1198	1.1560227
1199	1.1029243
12	1.0576706
120	1.09009
1200	1.0102106
1201	0.8835678
1202	1.0198215
1203	1.3557485
1204	1.2196732
1205	0.8741897
1206	1.2278906
1207	1.0425043
1208	1.0508709
1209	1.1284375
121	1.2285087
1210	1.1343085
1211	1.1094187
1212	1.0369449
1213	1.0927297
1214	1.2201494
1215	1.1572889
1216	0.92372346
1217	1.1617941
1218	1.0021245
1219	0.9844269
122	1.0732756
1220	0.90849704
1221	0.98506564
1222	1.095263
1223	1.0935583
1224	0.8922541
1225	1.2374371
1226	0.9006417
1227	0.74211687
1228	1.2080711
1229	0.8900408
123	1.0149838
1230	1.0626471
1231	1.0973817
1232	1.0578701
1233	1.1299019
1234	1.0736488
1235	1.1401366
1236	1.2293489
1237	1.3771002
1238	0.98719084
1239	1.0588936
124	1.0059522
1240	1.046823
1241	1.0948366
1242	1.1596816
1243	1.1447028
1244	1.1734139
1245	1.0438359
1246	1.0607805
1247	1.2687002
1248	1.1619376
1249	1.0793241
125	0.89577454
1250	0.93561965
1251	1.3042204
1252	1.2161268
1253	1.0354666
1254	1.07611
1255	0.9678775
1256	1.0801591
1257	0.990756
1258	1.0236746
1259	1.125903
126	1.0946604
1260	0.99568653
1261	1.1302984
1262	1.0034411
1263	1.1926517
1264	0.9854895
1265	1.1012717
1266	1.0169684
1267	1.0452238
1268	1.2657174
1269	1.1712047
127	1.1101123
1270	1.0057378
1271	0.9766616
1272	0.92194057
1273	1.0436164
1274	0.9395399
1275	1.4238805
1276	1.1574596
1277	1.1070151
1278	1.041863
1279	1.2777059
128	1.2998568
1280	1.0661716
1281	1.0532554
1282	1.0735054
1283	1.0601217
1284	1.2253518
1285	1.0933856
1286	1.2702588
1287	1.219238
1288	1.1596228
1289	1.1195778
129	1.0512073
1290	0.9509997
1291	0.9490863
1292	1.0767682
1293	1.2516005
1294	1.0745748
1295	1.0436609
1296	1.1469542
1297	1.016173
1298	1.2272775
1299	1.2358915
13	0.6627938
130	1.0306289
1300	0.94232124
1301	1.0693411
1302	1.1394135
1303	1.0870259
1304	1.3469566
1305	1.0236273
1306	1.1144234
1307	1.0714581
1308	1.0390857
1309	1.1699951
131	1.0911881
1310	1.0494508
1311	1.3697007
1312	1.1286222
1313	1.2274641
1314	0.82386607
1315	1.159026
1316	1.1625848
1317	1.1707028
1318	1.1196421
1319	1.1570774
132	1.2956697
1320	0.8782844
1321	1.1644716
1322	1.0915307
1323	0.9412836
1324	0.8690435
1325	1.1218194
1326	1.4482242
1327	1.081057
1328	1.0804569
1329	0.95576835
133	1.3795571
1330	1.1107041
1331	1.1763711
1332	1.2820557
1333	1.2209823
1334	1.2645679
1335	1.1713055
1336	0.9883679
1337	1.1545519
1338	1.2221518
1339	1.2830803
134	1.1427987
1340	1.2710705
1341	1.2478875
1342	0.85978746
1343	0.96624464
1344	1.1721846
1345	1.1656067
1346	1.0492327
1347	1.2607402
1348	1.0588971
1349	1.0965651
135	1.1942625
1350	0.93127143
1351	1.176785
1352	0.98030657
1353	1.1178908
1354	1.045198
1355	1.2119737
1356	1.2207954
1357	1.0244118
1358	1.0054849
1359	1.101199
136	1.0121142
1360	1.2122597
1361	1.1696247
1362	1.4297104
1363	1.2336463
1364	1.011826
1365	1.0700315
1366	0.98800606
1367	1.0714765
1368	1.3860617
1369	1.0999583
137	1.0678629
1370	0.8627021
1371	1.1486758
1372	1.0175432
1373	1.0586076
1374	0.96201575
1375	1.0620555
1376	1.1716914
1377	1.0630779
1378	1.1876191
1379	1.1852857
138	1.1810317
1380	1.3762075
1381	1.0817652
1382	1.2104418
1383	1.1379315
1384	0.9902301
1385	1.4720738
1386	1.0510585
1387	1.055924
1388	1.0953792
1389	1.0714016
139	1.1364676
1390	1.0790104
1391	1.4436997
1392	0.9142638
1393	1.0570247
1394	1.0585907
1395	0.85465914
1396	1.2416312
1397	1.0364667
1398	1.1304181
1399	1.0390575
14	1.182226
140	1.0517969
1400	1.3591424
1401	0.9129939
1402	0.99818176
1403	1.1088605
1404	1.1469767
1405	1.1148908
1406	1.0410923
1407	1.2164595
1408	1.0058204
1409	1.1426743
141	0.96332973
1410	1.2476977
1411	1.2271175
1412	1.2904161
1413	1.0264556
1414	0.96161115
1415	1.268914
1416	1.1199174
1417	0.91025776
1418	0.98609656
1419	1.0981388
142	1.1487627
1420	1.0421365
1421	1.2185601
1422	0.9683995
1423	1.1355286
1424	0.98252696
1425	0.8651736
1426	1.2223957
1427	1.0706776
1428	0.9560069
1429	1.0651879
143	0.9219458
1430	1.0548054
1431	0.90464646
1432	0.99480253
1433	1.1303734
1434	1.1422626
1435	1.0088347
1436	1.1769224
1437	1.0727773
1438	1.3669269
1439	1.274341
144	1.2730372
1440	1.3700554
1441	1.089701
1442	1.2766081
1443	1.1155801
1444	1.0787451
1445	1.2871126
1446	1.0627377
1447	1.0463912
1448	1.241821
1449	1.0482266
145	1.1128218
1450	0.9467575
1451	1.1013826
1452	1.038214
1453	1.2075121
1454	1.2014314
1455	1.0791777
1456	1.0358505
1457	1.255009
1458	1.1898278
1459	1.1114709
146	1.1442444
1460	1.0893655
1461	1.2113465
1462	1.1032591
1463	1.1474307
1464	1.1649146
1465	1.2124943
1466	1.0024006
1467	0.9143715
1468	1.3890573
1469	0.98882324
147	0.85741204
1470	0.9572478
1471	1.1785105
1472	1.2118553
1473	1.1858923
1474	1.1832447
1475	1.129242
1476	0.85121095
1477	1.1812357
1478	1.0822704
1479	0.9819993
148	1.0763911
1480	1.1064606
1481	0.99570894
1482	1.0155861
1483	1.2148358
1484	1.1243896
1485	1.0531653
1486	1.0645278
1487	0.95812005
1488	1.1409292
1489	1.0695647
149	1.4311278
1490	1.2664717
1491	1.2337495
1492	1.1843001
1493	1.1356307
1494	1.1898804
1495	1.0100943
1496	1.3660715
1497	1.0567397
1498	1.2658843
1499	1.0420499
15	1.1615156
150	1.0521743
1500	1.0154428
1501	1.4570246
1502	1.1054031
1503	0.90158117
1504	0.97919285
1505	1.2086812
1506	1.1119802
1507	1.1885774
1508	1.1776314
1509	1.1083238
151	0.9583258
1510	1.222805
1511	1.02271
1512	1.3204966
1513	0.9515074
1514	1.1230327
1515	1.0247912
1516	1.0471165
1517	1.0794383
1518	0.97493356
1519	1.1290603
152	0.90984786
1520	1.175554
1521	0.9782477
1522	1.1605774
1523	1.277044
1524	1.1672515
1525	1.1060327
1526	1.2626251
1527	0.9979967
1528	0.8945449
1529	1.0821797
153	1.1554554
1530	1.0877817
1531	0.9050184
1532	1.0547023
1533	1.1556338
1534	1.4166328
1535	0.89194673
1536	1.0170118
1537	1.2849284
1538	1.121087
1539	1.1898962
154	1.1705445
1540	1.0872921
1541	0.9943077
1542	0.9985209
1543	0.8926491
1544	1.0492275
1545	1.2062409
1546	0.89993966
1547	1.0365767
1548	1.0187813
1549	1.171467
155	0.97089666
1550	1.0240726
1551	1.04705
1552	1.2044821
1553	1.0174104
1554	0.9433978
1555	1.1273857
1556	1.0475694
1557	1.1729722
1558	1.2469342
1559	1.1367327
156	1.0237752
1560	1.0865444
1561	1.1082563
1562	1.0853323
1563	1.1333703
1564	0.971692
1565	1.3015007
1566	1.1235342
1567	1.114229
1568	0.99206233
1569	0.88775605
157	1.1222329
1570	1.0861639
1571	0.89791906
1572	1.1491255
1573	1.186116
1574	1.165095
1575	1.0367465
1576	1.0609647
1577	1.3016529
1578	0.949859
1579	1.1367948
158	0.9813674
1580	1.0439986
1581	1.0430733
1582	1.1004478
1583	0.99700266
1584	1.3451637
1585	0.98997736
1586	1.1166112
1587	0.9066999
1588	1.3657105
1589	0.82373196
159	1.2597473
1590	0.9592446
1591	1.3399482
1592	1.1529545
1593	1.0424312
1594	1.0786994
1595	0.9668884
1596	0.9505724
1597	1.0427626
1598	1.1050773
1599	1.0631263
16	0.98672223
160	1.2474408
1600	1.169843
1601	1.3253524
1602	1.1635334
1603	0.9287856
1604	0.97995406
1605	1.3248315
1606	0.9856872
1607	1.1783433
1608	1.265449
1609	1.2178518
161	0.9719441
1610	1.0277423
1611	1.153653
1612	0.96187156
1613	1.1248472
1614	0.93624645
1615	0.9162314
1616	1.0268755
1617	1.0553526
1618	0.94967496
1619	0.950253
162	1.1346476
1620	1.2944669
1621	1.2797664
1622	0.99708223
1623	1.426226
1624	1.0023223
1625	0.89734507
1626	1.1372776
1627	0.8973577
1628	1.2488045
1629	1.1620115
163	1.3416182
1630	1.1371943
1631	1.0767816
1632	0.966126
1633	0.9978653
1634	1.0816715
1635	1.1626819
1636	1.027304
1637	0.90523887
1638	0.94379926
1639	1.3643371
164	1.0699708
1640	1.0730588
1641	1.2781521
1642	0.907302
1643	1.2385923
1644	0.91424596
1645	0.94446105
1646	0.8623652
1647	1.1103464
1648	1.161757
1649	1.1765946
165	1.0079613
1650	0.9409832
1651	0.97731256
1652	0.98747224
1653	1.216415
1654	0.9998303
1655	0.97507185
1656	1.0639262
1657	1.1649412
1658	1.226095
1659	0.98548275
166	0.94908893
1660	1.0897275
1661	0.92578757
1662	1.0945907
1663	1.0760881
1664	1.1457591
1665	1.263336
1666	1.0636767
1667	1.0422906
1668	1.1620737
1669	1.2698786
167	0.9203909
1670	1.0901561
1671	1.0737877
1672	1.1231331
1673	1.0164781
1674	1.1297482
1675	1.299632
1676	1.3229173
1677	1.1601491
1678	1.0502719
1679	1.0144548
168	1.2018954
1680	1.0962728
1681	1.1257422
1682	0.8622825
1683	1.3357066
1684	0.9966344
1685	1.1996621
1686	0.95377195
1687	1.0794498
1688	1.1891744
1689	1.1043226
169	1.1609994
1690	1.3948418
1691	1.3034859
1692	1.0173653
1693	1.0039356
1694	1.0236471
1695	0.91304666
1696	1.3482952
1697	1.0733315
1698	1.1907538
1699	1.209479
17	1.0122578
170	1.2083532
1700	1.0896497
1701	1.181336
1702	1.0850043
1703	1.0230203
1704	0.9233601
1705	1.2268113
1706	1.1226742
1707	1.069841
1708	0.9970719
1709	0.95645714
171	0.9401868
1710	1.1638665
1711	1.0713078
1712	1.145936
1713	1.2155424
1714	1.3044837
1715	1.0762031
1716	1.0097989
1717	1.2591398
1718	1.2910666
1719	1.2631966
172	1.0570377
1720	1.1481107
1721	0.9665948
1722	1.1331546
1723	1.128216
1724	1.2776653
1725	0.92251503
1726	1.1088076
1727	1.1272659
1728	1.2350652
1729	1.2178926
173	1.0105935
1730	1.3215859
1731	1.2995726
1732	1.136769
1733	1.188878
1734	1.0103827
1735	1.1444081
1736	1.231103
1737	1.3491141
1738	1.1401839
1739	1.0437984
174	1.2354249
1740	1.0420209
1741	1.2989471
1742	1.2032187
1743	0.9888323
1744	0.88591796
1745	0.9836375
1746	1.0510002
1747	1.0837196
1748	1.2873949
1749	1.1516072
175	1.0188026
1750	1.175177
1751	1.0662136
1752	1.1659224
1753	1.2417387
1754	0.8793961
1755	1.2425874
1756	0.88266283
1757	1.1980385
1758	1.2850019
1759	1.1233301
176	1.0213591
1760	1.0851545
1761	1.262686
1762	1.2357608
1763	1.1699924
1764	1.1250473
1765	0.99816054
1766	1.1204075
1767	0.93169487
1768	1.1467409
1769	1.183441
177	1.0193117
1770	1.06155
1771	1.2219603
1772	1.0327029
1773	1.0589192
1774	1.1105067
1775	1.1814784
1776	1.3834487
1777	1.0717798
1778	1.0351621
1779	1.0490881
178	0.9970321
1780	1.1761628
1781	1.0164953
1782	1.1707718
1783	1.0588624
1784	1.0491188
1785	1.4802033
1786	1.0617311
1787	1.0574273
1788	1.1050318
1789	1.0560703
179	0.97341704
1790	0.9132814
1791	0.9436801
1792	1.0810856
1793	1.4319042
1794	1.1043446
1795	0.9805355
1796	0.99770516
1797	1.141453
1798	0.893619
1799	0.94759333
18	0.946287
180	1.0331817
1800	1.0938593
1801	0.96314603
1802	1.1564324
1803	1.0686612
1804	0.9044823
1805	1.2530795
1806	1.0723383
1807	1.0493723
1808	1.1990227
1809	1.1344781
181	0.91638386
1810	0.9456704
1811	1.152639
1812	1.3590401
1813	1.2209265
1814	1.0797443
1815	1.0209529
1816	1.1938694
1817	1.126125
1818	1.0583055
1819	1.09971
182	1.2150359
1820	1.3876047
1821	1.0146153
1822	1.2112513
1823	1.1107651
1824	1.3322324
1825	1.2564107
1826	1.0782888
1827	1.1296873
1828	0.9410298
1829	1.1962392
183	1.0795803
1830	1.1417184
1831	1.0670689
1832	1.0046854
1833	1.0044434
1834	1.0263118
1835	1.1126195
1836	1.0487045
1837	0.9153772
1838	1.0646551
1839	1.0034908
184	1.0493134
1840	0.8538517
1841	1.0840722
1842	1.0694765
1843	1.0363609
1844	0.906014
1845	1.1065148
1846	1.0668949
1847	1.0198041
1848	1.1951364
1849	1.2576406
185	1.1474749
1850	1.294598
1851	1.0417731
1852	1.1454817
1853	0.9542429
1854	1.0061947
1855	1.1084294
1856	1.0350945
1857	1.0833461
1858	1.150684
1859	1.362573
186	0.8215715
1860	1.0325624
1861	1.060913
1862	0.9876445
1863	1.1016055
1864	1.1195432
1865	1.1996102
1866	0.9746569
1867	1.1185846
1868	1.2599226
1869	0.99240714
187	1.1508094
1870	1.1900173
1871	1.2189784
1872	1.2188764
1873	1.342675
1874	1.1850208
1875	0.9692118
1876	1.087791
1877	1.2805815
1878	1.0231189
1879	1.2182012
188	1.0383838
1880	1.2654636
1881	0.9820465
1882	1.1114565
1883	1.2345692
1884	1.0428265
1885	1.2275612
1886	1.2772762
1887	1.0807817
1888	1.1921558
1889	1.1960571
189	0.9950976
1890	0.85100204
1891	1.0155665
1892	1.1088285
1893	1.0150356
1894	1.2653381
1895	1.1942633
1896	0.9712123
1897	1.045846
1898	1.2232549
1899	0.99861383
19	1.0709345
190	0.8717716
1900	1.1258887
1901	1.0552138
1902	1.0392488
1903	1.3568479
1904	0.9561033
1905	0.9075647
1906	1.1016916
1907	1.2520044
1908	1.061599
1909	1.0588171
191	0.8928645
1910	1.017347
1911	1.005816
1912	0.9879998
1913	1.2283605
1914	1.03578
1915	0.90616095
1916	1.3388551
1917	0.95218456
1918	0.9810396
1919	1.2311072
192	1.2533598
1920	1.0062878
1921	1.1711495
1922	1.0163492
1923	1.2175326
1924	1.1531904
1925	1.0097106
1926	1.1452073
1927	1.2803142
1928	1.0503017
1929	1.10536
193	1.405202
1930	1.2615113
1931	0.8738783
1932	1.017097
1933	1.0569806
1934	1.0912141
1935	1.1094037
1936	1.0714262
1937	0.9165434
1938	1.0388968
1939	1.0298289
194	1.252415
1940	0.9618385
1941	1.0156187
1942	1.2970374
1943	1.1517377
1944	1.2992471
1945	1.1822126
1946	1.0663352
1947	1.0032506
1948	1.3003536
1949	1.0565711
195	1.0362314
1950	1.1911994
1951	1.296697
1952	1.0338501
1953	1.169449
1954	0.8915735
1955	1.0601846
1956	1.0626707
1957	1.2619005
1958	1.4142135
1959	0.95427144
196	1.2698746
1960	1.4400632
1961	1.0717918
1962	1.0024333
1963	0.9824813
1964	1.0873656
1965	1.1316484
1966	1.2067147
1967	1.0481398
1968	1.287757
1969	0.8301512
197	0.9911156
1970	1.1939297
1971	1.1306766
1972	0.90255964
1973	1.1883585
1974	0.9047973
1975	1.0087476
1976	1.0770353
1977	1.2868431
1978	1.1333857
1979	1.1235069
198	1.1412616
1980	1.0614797
1981	1.1197573
1982	1.1874088
1983	1.0258721
1984	1.0840502
1985	1.0620682
1986	1.0043794
1987	0.96802235
1988	1.1074603
1989	1.1775564
199	1.0015583
1990	0.9175541
1991	1.1643163
1992	1.2221386
1993	1.0217458
1994	1.1445519
1995	1.0953381
1996	0.9535268
1997	1.3525038
1998	1.0598972
1999	1.0840284
2	1.2750974
20	1.226534
200	1.0890303
2000	0.9540759
2001	1.0227097
2002	1.1766577
2003	1.1923625
2004	1.0598425
2005	1.2740738
2006	0.9350249
2007	1.1222057
2008	1.0404128
2009	0.98615414
201	0.98416764
2010	0.99458295
2011	1.2840381
2012	1.0038083
2013	0.9166484
2014	0.9710448
2015	1.0219384
2016	0.90944326
2017	1.010119
2018	1.0595033
2019	0.8859727
202	1.0433179
2020	1.0418639
2021	1.0245192
2022	0.91125077
2023	1.0935771
2024	1.0688745
2025	1.2056714
2026	1.0775453
2027	0.89930886
2028	1.2242271
2029	1.0047711
203	1.3254569
2030	1.1434398
2031	1.1556827
2032	1.2207929
2033	0.96060723
2034	1.3828297
2035	1.2365004
2036	1.4681563
2037	0.9534158
2038	1.0060282
2039	1.1159602
204	1.2501878
2040	1.0210649
2041	1.3471113
2042	1.3375821
2043	0.97984356
2044	1.3665835
2045	0.9987958
2046	1.1109655
2047	1.1422158
2048	0.99442625
2049	1.291998
205	1.1083298
2050	1.1911528
2051	0.8466856
2052	1.177757
2053	0.976772
2054	1.054007
2055	1.4027234
2056	1.0113587
2057	0.98544043
2058	1.3837178
2059	1.0222027
206	1.1119331
2060	0.9388514
2061	1.061024
2062	1.3349648
2063	1.052412
2064	1.0436119
2065	1.1257168
2066	1.3103489
2067	1.2233673
2068	1.1424737
2069	1.1732836
207	1.136049
2070	1.254621
2071	1.2108902
2072	1.0666589
2073	1.2932196
2074	1.0733471
2075	1.1980356
2076	1.2354084
2077	0.9250399
2078	1.0596886
2079	1.1291978
208	1.3719208
2080	1.2401009
2081	1.03437
2082	0.9144223
2083	1.0242018
2084	1.1239
2085	1.0197868
2086	1.1474484
2087	1.0611637
2088	1.0328166
2089	1.1727067
209	1.064786
2090	1.1328949
2091	1.0804765
2092	1.350871
2093	1.0040598
2094	1.1863008
2095	0.9840221
2096	1.0971969
2097	0.9268801
2098	1.0377338
2099	1.1070197
21	1.0004725
210	1.1686423
2100	1.114918
2101	1.2886785
2102	0.7672908
2103	1.0131966
2104	1.0864178
2105	1.3237599
2106	1.3588911
2107	1.2220491
2108	1.0363055
2109	1.2263124
211	1.0590528
2110	1.0816168
2111	1.0567213
2112	0.94915444
2113	1.2476135
2114	0.9199377
2115	1.2826332
2116	1.2047338
2117	1.0129669
2118	0.9700596
2119	1.0287297
212	1.2166424
2120	1.1928048
2121	1.1021492
2122	1.1327672
2123	1.2163881
2124	1.1673504
2125	1.1267859
2126	1.0176682
2127	1.0277958
2128	0.9639207
2129	0.9588218
213	0.97168404
2130	0.93562895
2131	1.0317138
2132	1.0486931
2133	0.98501396
2134	1.2137021
2135	1.0010138
2136	1.0995221
2137	1.008268
2138	1.1896323
2139	0.8651581
214	1.3595352
2140	1.0464783
2141	1.1027259
2142	0.98287505
2143	1.2187462
2144	1.125076
2145	1.15306
2146	1.3537533
2147	1.2982967
2148	1.0401722
2149	1.1180999
215	1.0667307
2150	1.2558672
2151	1.2047217
2152	1.0686377
2153	1.0439935
2154	1.1441499
2155	0.94083595
2156	1.1391605
2157	1.1561713
2158	0.95921355
2159	0.98367804
216	0.95567393
2160	0.9682791
2161	1.0168949
2162	0.9366847
2163	1.0671378
2164	0.9091724
2165	1.1491936
2166	1.4312233
2167	0.9125035
2168	1.2489818
2169	1.1088006
217	0.9616896
2170	1.0873196
2171	0.9892167
2172	0.93721294
2173	1.1731282
2174	0.9901992
2175	1.0375763
2176	1.2247181
2177	0.9363313
2178	1.0046526
2179	1.1290561
218	1.2584385
2180	0.9498381
2181	1.1128823
2182	1.0022429
2183	1.3481628
2184	1.0396836
2185	1.0795001
2186	0.99566025
2187	1.3298852
2188	0.98075145
2189	1.2306933
219	1.0334864
2190	1.047336
2191	1.2029703
2192	0.89851755
2193	1.1195782
2194	1.0021931
2195	1.0081064
2196	1.094225
2197	1.1304033
2198	0.9175661
2199	0.9534222
22	1.0866064
220	1.3953693
2200	1.0633025
2201	1.1904973
2202	1.2082099
2203	1.037613
2204	1.1789505
2205	1.0128057
2206	1.1778071
2207	1.2347801
2208	1.3435774
2209	1.0121089
221	1.2350103
2210	1.1516072
2211	0.9984717
2212	0.8998064
2213	1.1534846
2214	1.122405
2215	1.3092047
2216	1.2395908
2217	0.97228724
2218	1.1262823
2219	1.3742008
222	1.2376109
2220	1.0708609
2221	1.1601213
2222	1.2450132
2223	1.1719366
2224	1.2437733
2225	1.196903
2226	1.168143
2227	1.1523961
2228	1.2791848
2229	0.97441137
223	1.0275936
2230	0.9870065
2231	1.0124062
2232	1.147549
2233	0.9376733
2234	1.2188395
2235	0.99871546
2236	1.0601172
2237	0.94225514
2238	1.1514652
2239	1.1847647
224	0.9402805
2240	1.0682753
2241	1.1974713
2242	1.0717524
2243	1.0114678
2244	1.0266032
2245	0.99556285
2246	0.98532474
2247	1.1216308
2248	0.9652551
2249	1.1969957
225	1.0865712
2250	1.1186638
2251	0.93797517
2252	0.9967955
2253	0.9975004
2254	0.98858947
2255	1.0937976
2256	1.0292438
2257	1.1487913
2258	1.1922994
2259	1.055471
226	1.1095225
2260	1.0644823
2261	0.9791871
2262	1.1563963
2263	1.1700357
2264	1.011019
2265	1.1535097
2266	1.1710237
2267	1.298369
2268	1.2490821
2269	0.97076017
227	1.1792119
2270	1.2453994
2271	1.1097213
2272	1.1627222
2273	1.3282392
2274	0.9662266
2275	1.5222842
2276	1.2037818
2277	1.1241839
2278	1.1195097
2279	1.106635
228	0.95864636
2280	1.2775891
2281	1.1380228
2282	1.1758345
2283	0.9732457
2284	1.0364293
2285	0.8945862
2286	1.0081018
2287	1.0765237
2288	1.0747706
2289	1.1230998
229	1.1547724
2290	0.87841874
2291	1.2035668
2292	0.9510702
2293	0.97441936
2294	1.0758814
2295	1.1878748
2296	1.0283744
2297	0.98263466
2298	1.2695009
2299	0.90106595
23	1.141824
230	1.2625779
2300	1.2129122
2301	1.1212155
2302	0.9560814
2303	1.0680649
2304	0.9278985
2305	1.1119436
2306	1.1288544
2307	1.1741687
2308	1.1331322
2309	1.0964543
231	1.1633945
2310	0.97367674
2311	0.98080194
2312	1.2901039
2313	1.221546
2314	0.94996434
2315	1.1479459
2316	1.0209247
2317	1.0620947
2318	0.9730559
2319	1.0882611
232	0.92384243
2320	1.1308649
2321	0.93007994
2322	1.0611451
2323	1.2838281
2324	1.1416297
2325	1.0313855
2326	1.0439734
2327	1.2517219
2328	1.1751909
2329	0.99928606
233	1.0149546
2330	1.1321815
2331	1.133208
2332	0.8836542
2333	1.1479278
2334	1.1338584
2335	1.0845451
2336	1.22072
2337	1.2135471
2338	0.97564304
2339	0.913141
234	1.0883977
2340	1.0734049
2341	1.1439211
2342	0.9739337
2343	1.2143681
2344	1.2661587
2345	1.2180519
2346	1.2161874
2347	0.8794748
2348	0.93635726
2349	1.201451
235	0.915831
2350	1.0485429
2351	1.1973274
2352	1.0214651
2353	1.1392055
2354	1.2298288
2355	1.2160814
2356	1.1028163
2357	1.1469891
2358	1.0809561
2359	1.0370048
236	1.0245004
2360	0.94739133
2361	1.081372
2362	0.9355107
2363	1.2217935
2364	1.1724392
2365	1.3337502
2366	1.034888
2367	1.1447068
2368	1.2042558
2369	1.0069809
237	1.1186507
2370	1.1067407
2371	0.8201664
2372	0.8801909
2373	1.1997952
2374	1.1252006
2375	0.99280536
2376	1.0437492
2377	1.1157712
2378	1.0491863
2379	0.9454708
238	1.1085504
2380	1.0332108
2381	1.1460983
2382	1.0159854
2383	1.2542089
2384	1.1868033
2385	1.1248025
2386	1.0999438
2387	1.3845174
2388	1.1052887
2389	0.99533373
239	1.0095799
2390	1.2159057
2391	0.9475209
2392	1.4599607
2393	0.89302117
2394	1.0528047
2395	0.99684477
2396	1.1889831
2397	1.0265983
2398	0.95870024
2399	1.2140045
24	1.0614831
240	0.87548083
2400	1.1141022
2401	1.0486636
2402	0.9970377
2403	1.0040333
2404	0.99531674
2405	1.0684813
2406	0.93827724
2407	0.9915506
2408	0.9329371
2409	0.9858843
241	0.84284157
2410	0.9880749
2411	0.9555239
2412	1.0553777
2413	1.0225493
2414	1.0972329
2415	1.0546902
2416	1.2414007
2417	1.1485871
2418	0.84123313
2419	1.353904
242	1.1996899
2420	1.1028854
2421	1.2077576
2422	1.2208775
2423	0.99705476
2424	1.0785174
2425	1.1545123
2426	0.807771
2427	1.1249827
2428	1.0559407
2429	1.2491771
243	1.0489064
2430	0.89260095
2431	0.9344079
2432	1.0158429
2433	1.1251162
2434	1.1788195
2435	1.0444202
2436	1.1049777
2437	1.0369453
2438	1.1601228
2439	1.260204
244	1.1877682
2440	1.1582788
2441	1.0778751
2442	1.1937184
2443	0.9399911
2444	1.0398326
2445	0.9821179
2446	1.2530664
2447	1.0803502
2448	0.9703323
2449	0.92887646
245	1.2116847
2450	0.984196
2451	0.9925456
2452	0.8950484
2453	1.0757751
2454	1.044666
2455	1.1288404
2456	0.87050545
2457	1.0375834
2458	1.0348663
2459	1.1826916
246	0.8962403
2460	1.0371925
2461	1.024834
2462	0.96415484
2463	1.067336
2464	0.9718743
2465	1.0914441
2466	1.2277255
2467	1.0040284
2468	1.0584664
2469	1.2080631
247	1.1715916
2470	0.9677334
2471	1.0715326
2472	0.9563403
2473	0.9700193
2474	1.1934392
2475	1.2737786
2476	1.0381722
2477	1.1298466
2478	1.0000914
2479	1.0225328
248	1.326992
2480	1.0439761
2481	1.5837115
2482	1.127496
2483	1.0872849
2484	1.0352917
2485	1.045758
2486	1.1280518
2487	1.1390426
2488	1.2374225
2489	0.94703037
249	1.0310451
2490	1.040772
2491	1.3025628
2492	1.1303889
2493	1.1292791
2494	1.1829253
2495	1.1301895
2496	1.0683231
2497	1.200451
2498	0.9339155
2499	0.9806803
25	1.0261408
250	1.0500612
2500	1.0912509
2501	1.0282327
2502	1.1725705
2503	1.1805836
2504	1.2459432
2505	0.8499141
2506	0.9302618
2507	0.9330824
2508	1.0392678
2509	0.9871641
251	0.9630926
2510	1.0514537
2511	1.2109133
2512	0.9534667
2513	1.245623
2514	0.9014573
2515	1.2174776
2516	1.222881
2517	1.1453246
2518	1.0202572
2519	0.98183256
252	0.9644323
2520	1.13873
2521	0.926506
2522	1.178361
2523	0.9358259
2524	1.0457418
2525	1.0087692
2526	1.0809531
2527	0.89337355
2528	0.976303
2529	0.958135
253	0.9613883
2530	1.0002679
2531	1.0759332
2532	1.0768557
2533	0.9343067
2534	1.4544683
2535	1.2636592
2536	1.1123549
2537	1.1392397
2538	0.9072893
2539	1.0098814
254	1.0703247
2540	1.2999258
2541	1.1730647
2542	1.2345521
2543	1.054591
2544	1.1893938
2545	1.1114795
2546	1.1042262
2547	1.2623212
2548	1.0985863
2549	1.1871449
255	1.0959387
2550	1.2434714
2551	1.2406498
2552	1.2630624
2553	1.4257766
2554	1.1652437
2555	1.1560557
2556	0.93226385
2557	1.1963485
2558	1.2804846
2559	1.2639164
256	1.1244565
2560	1.0807214
2561	1.0443343
2562	1.1679443
2563	1.0622302
2564	1.1874079
2565	1.157285
2566	1.1346474
2567	1.1919488
2568	0.9063156
2569	1.0048535
257	0.90780556
2570	0.93893415
2571	1.1620646
2572	1.0627491
2573	1.1041645
2574	0.9909333
2575	1.0563431
2576	1.1171037
2577	1.0586956
2578	1.041036
2579	1.2417946
258	1.1466007
2580	0.9649186
2581	1.2029991
2582	1.0278658
2583	1.0696601
2584	0.96736294
2585	1.196699
2586	1.0024893
2587	1.1091039
2588	1.109803
2589	0.9594377
259	1.0590323
2590	1.1494812
2591	0.95923424
2592	1.3232167
2593	1.1621358
2594	1.0111331
2595	0.8716175
2596	1.170032
2597	0.9880951
2598	1.0088452
2599	1.0736521
26	1.0885818
260	1.3951205
2600	0.9819106
2601	1.0297006
2602	0.9762237
2603	1.2456552
2604	1.2702606
2605	1.4216586
2606	1.0004445
2607	1.1480612
2608	1.2626444
2609	1.3306524
261	0.88340074
2610	1.1659099
2611	1.1834613
2612	0.9637155
2613	0.9770917
2614	0.9537725
2615	1.0551953
2616	1.1590362
2617	1.0630383
2618	0.97795737
2619	1.4020058
262	0.98304164
2620	1.318201
2621	1.1395204
2622	0.9954092
2623	1.1535962
2624	1.1061009
2625	1.2423006
2626	1.0225381
2627	1.103772
2628	1.218504
2629	1.355697
263	1.3299063
2630	0.9779743
2631	1.0827249
2632	1.1497142
2633	1.2069547
2634	1.1638422
2635	1.0479671
2636	1.2035955
2637	1.1321814
2638	1.1124527
2639	1.3088236
264	1.194892
2640	0.9673493
2641	1.0574075
2642	1.0259337
2643	0.9708336
2644	1.0593463
2645	1.2015201
2646	0.9829572
2647	1.0864762
2648	1.1433064
2649	1.2809312
265	1.2244134
2650	1.267831
2651	1.4791954
2652	1.1437006
2653	1.3436189
2654	1.0890082
2655	1.0991665
2656	1.1622512
2657	1.078096
2658	1.3006423
2659	1.3049251
266	1.2038664
2660	0.89946765
2661	1.1589093
2662	0.9322177
2663	0.9787715
2664	1.0694726
2665	0.93072706
2666	0.97696644
2667	1.0087309
2668	1.203663
2669	1.3350158
267	1.4172456
2670	1.0442688
2671	1.0791253
2672	1.1760715
2673	1.152984
2674	0.9458816
2675	1.1012923
2676	1.331153
2677	1.2413914
2678	1.2474227
2679	1.161015
268	0.91794294
2680	1.0209796
2681	1.1817801
2682	1.1546714
2683	1.2399658
2684	1.3246081
2685	1.0091717
2686	1.1330394
2687	0.9298948
2688	1.0113976
2689	1.069585
269	0.89284134
2690	0.9754686
2691	0.8792113
2692	1.1454103
2693	1.0983801
2694	1.3522804
2695	1.2841656
2696	1.1076682
2697	1.1414878
2698	0.90861493
2699	0.93903756
27	1.2225662
270	1.0831976
2700	1.2225382
2701	0.9351187
2702	1.5641822
2703	1.0630314
2704	1.2962744
2705	1.2433804
2706	1.237481
2707	1.2323742
2708	1.2784222
2709	1.0283972
271	1.2482375
2710	1.1753322
2711	1.108002
2712	0.9661518
2713	1.1838502
2714	1.088148
2715	1.3051308
2716	1.415755
2717	1.2331859
2718	1.1173595
2719	1.01231
272	1.2088168
2720	1.0398153
2721	0.96596014
2722	0.86799395
2723	1.1829454
2724	1.0793664
2725	0.95652
2726	0.9476066
2727	1.2721347
2728	1.1424927
2729	1.0694522
273	1.0904418
2730	0.9866868
2731	1.2359015
2732	1.0694245
2733	1.4480551
2734	0.9696485
2735	1.0109264
2736	1.2795128
2737	1.1137332
2738	1.0405562
2739	0.955733
274	1.0831934
2740	1.2540761
2741	1.1385167
2742	1.0441159
2743	0.8959582
2744	1.0639479
2745	1.0523852
2746	1.066721
2747	1.2036309
2748	1.211623
2749	1.0335971
275	0.90437174
2750	1.2916625
2751	1.028971
2752	1.1499931
2753	1.0377537
2754	1.0823807
2755	0.89250696
2756	1.2298585
2757	0.9541005
2758	1.085172
2759	1.2958994
276	1.0644273
2760	1.1643482
2761	1.3945909
2762	1.2772399
2763	0.9815281
2764	1.2377055
2765	1.0739665
2766	1.1580114
2767	1.0412033
2768	1.0614563
2769	1.0546306
277	1.2124344
2770	1.2099391
2771	1.008143
2772	1.1049507
2773	1.2154279
2774	1.213176
2775	1.1191708
2776	1.1378516
2777	1.1465604
2778	1.1458393
2779	1.1244698
278	1.1526035
2780	1.0367153
2781	1.3940756
2782	0.90434116
2783	1.0815663
2784	1.1199938
2785	1.0796078
2786	1.0181341
2787	0.9826839
2788	1.0550883
2789	1.049951
279	0.9646392
2790	1.0233115
2791	1.0977696
2792	1.1127697
2793	1.2810293
2794	1.0388895
2795	1.042193
2796	0.9659675
2797	1.1048129
2798	0.9621638
2799	1.0797763
28	0.97225267
280	1.256541
2800	1.0055306
2801	1.1320225
2802	1.1153141
2803	0.9561836
2804	1.0520985
2805	1.3631666
2806	1.223841
2807	1.179373
2808	1.0093737
2809	1.0083892
281	1.014811
2810	1.0417148
2811	1.1093887
2812	1.0384126
2813	1.0733126
2814	1.0844624
2815	1.0970728
2816	1.2653513
2817	1.0717549
2818	1.1697096
2819	0.9297102
282	1.153966
2820	1.2161521
2821	1.0062913
2822	1.3358074
2823	0.9166035
2824	1.3305978
2825	0.9186498
2826	1.0511512
2827	1.2454674
2828	1.0871906
2829	1.1046597
283	1.0233846
2830	0.9668306
2831	0.9253104
2832	1.0161018
2833	1.3460625
2834	1.117599
2835	1.417231
2836	1.282443
2837	0.95673895
2838	1.6111805
2839	1.3184636
284	1.2207685
2840	1.2014588
2841	1.0241206
2842	1.0059743
2843	1.1872554
2844	1.0885597
2845	1.0850424
2846	1.1064913
2847	1.0384759
2848	0.8492304
2849	0.97529685
285	0.9173972
2850	1.1547006
2851	0.961024
2852	1.299584
2853	1.1752579
2854	1.0436797
2855	1.0177519
2856	1.0189558
2857	0.91935414
2858	1.1880153
2859	1.16398
286	1.2078708
2860	1.0862495
2861	1.1582419
2862	0.81636775
2863	1.0094063
2864	1.3431034
2865	1.0043962
2866	1.0996159
2867	0.98809564
2868	1.0870074
2869	0.9809015
287	1.1405332
2870	1.1132401
2871	1.22904
2872	1.1546768
2873	0.93460286
2874	1.0293671
2875	1.0709698
2876	0.9643308
2877	1.2074555
2878	1.1830707
2879	1.2834119
288	1.2156279
2880	1.0013222
2881	1.106303
2882	0.9368977
2883	1.1561387
2884	1.0621705
2885	1.1231294
2886	1.2580979
2887	1.3382258
2888	1.1288595
2889	1.126383
289	1.0661012
2890	0.890287
2891	0.9954144
2892	1.2704037
2893	1.0504997
2894	1.2625785
2895	1.367645
2896	0.91779315
2897	1.0977553
2898	1.0632812
2899	0.93720245
29	1.1024735
290	1.0884066
2900	0.8647181
2901	1.1707897
2902	1.2016737
2903	1.1165248
2904	1.1180967
2905	0.9415829
2906	1.1946745
2907	1.149002
2908	1.0723593
2909	1.1952364
291	1.0829772
2910	1.0194823
2911	0.9170097
2912	1.1685302
2913	0.9692972
2914	1.1602836
2915	1.1737746
2916	1.0422664
2917	1.1851857
2918	1.0367385
2919	0.99358916
292	1.0871941
2920	0.9646854
2921	1.0729347
2922	1.0089295
2923	1.0470822
2924	0.9176864
2925	1.0688753
2926	1.0770943
2927	1.1620617
2928	1.2747768
2929	0.9952901
293	1.1359345
2930	1.051193
2931	1.0984223
2932	1.1883758
2933	1.3735632
2934	1.0470017
2935	1.2329307
2936	1.2831621
2937	1.0005745
2938	1.2086098
2939	1.4556633
294	1.1874104
2940	1.0940379
2941	1.1674321
2942	1.1256306
2943	1.484697
2944	0.8979097
2945	0.9596892
2946	1.108031
2947	1.3383266
2948	1.2106202
2949	1.018289
295	1.1320668
2950	0.9928618
2951	0.9372816
2952	1.193856
2953	1.0040764
2954	1.0066829
2955	0.9188745
2956	1.0760261
2957	1.2596563
2958	1.010038
2959	1.2527856
296	1.3036351
2960	1.0321997
2961	0.90582854
2962	1.0996423
2963	1.207479
2964	1.2162887
2965	1.0593613
2966	1.3338646
2967	1.0662117
2968	1.1301811
2969	0.9207583
297	1.1952286
2970	0.8368055
2971	1.16922
2972	1.1410602
2973	1.2886013
2974	1.250413
2975	1.1713985
2976	1.1540551
2977	1.0830003
2978	1.088389
2979	1.3041141
298	1.1225455
2980	0.82842255
2981	1.0136927
2982	1.2653365
2983	1.0887147
2984	0.92435986
2985	1.2031714
2986	1.193051
2987	1.2521517
2988	1.022187
2989	1.04915
299	0.9678029
2990	1.2649244
2991	1.2333088
2992	0.92409706
2993	1.1000804
2994	1.0816802
2995	1.0942616
2996	1.2595248
2997	0.8975004
2998	1.1689357
2999	1.0285205
3	0.9771046
30	0.9384663
300	1.0167212
3000	1.0219401
3001	1.0967163
3002	1.0798955
3003	1.3222498
3004	1.2944384
3005	1.0573666
3006	1.3255559
3007	1.1825029
3008	1.2098981
3009	1.1020094
301	0.949569
3010	0.98968583
3011	1.0691501
3012	1.3321483
3013	0.9037639
3014	1.0320692
3015	0.9438824
3016	1.1469059
3017	0.84755915
3018	1.4073143
3019	1.2026163
302	1.1322528
3020	1.1031182
3021	1.0537715
3022	1.0794805
3023	1.1337166
3024	1.2853748
3025	1.0947524
3026	0.9476013
3027	1.1650649
3028	0.98081744
3029	1.1572286
303	1.0202887
3030	1.1081562
3031	1.0210385
3032	1.0082524
3033	0.7241276
3034	1.2114502
3035	1.0312884
3036	1.178348
3037	1.1466042
3038	1.2377745
3039	1.2633978
304	1.1626055
3040	1.3336626
3041	0.8526565
3042	1.0335873
3043	1.0490468
3044	1.1190132
3045	1.1413622
3046	0.89307904
3047	0.89870596
3048	1.1045827
3049	1.0544201
305	0.9733674
3050	1.1227949
3051	1.2262619
3052	1.0241673
3053	1.2000446
3054	0.972001
3055	1.0874425
3056	1.0667475
3057	1.0935336
3058	0.7803284
3059	0.9273172
306	1.1801784
3060	1.2570515
3061	1.3126069
3062	1.1380525
3063	0.9532612
3064	1.2572753
3065	1.2306834
3066	1.0102041
3067	0.79758
3068	1.1950288
3069	1.2849973
307	1.3195446
3070	1.0244981
3071	1.0390179
3072	1.0263985
3073	1.154532
3074	1.204344
3075	0.99183506
3076	0.98682487
3077	1.0779822
3078	1.2125133
3079	0.89702755
308	1.1232097
3080	1.0706965
3081	1.1674553
3082	0.9692477
3083	1.0976782
3084	1.0479583
3085	1.1773194
3086	1.0277392
3087	1.201062
3088	1.2415746
3089	1.1336101
309	1.0667033
3090	1.0414971
3091	1.257107
3092	1.0630503
3093	1.0961562
3094	0.92272663
3095	0.9875054
3096	1.2042367
3097	1.1163099
3098	1.1214112
3099	1.1659583
31	1.299754
310	1.0755188
3100	1.2634876
3101	1.065583
3102	0.99915755
3103	1.0853142
3104	1.022563
3105	1.2155695
3106	1.0663056
3107	1.233171
3108	1.2567369
3109	1.3257574
311	1.0332766
3110	1.0840453
3111	1.0496124
3112	0.96678734
3113	1.0296628
3114	1.0181181
3115	1.0186448
3116	1.0127107
3117	1.0566823
3118	1.121314
3119	0.92732877
312	1.0060419
3120	0.955716
3121	1.0707427
3122	1.3859643
3123	0.9586602
3124	1.1298015
3125	1.0385455
3126	0.95052665
3127	1.1211946
3128	0.8902077
3129	1.0753399
313	1.0925602
3130	1.4014599
3131	1.2709372
3132	1.097654
3133	1.1312624
3134	1.1295424
3135	0.90471554
3136	1.1178573
3137	1.1412162
3138	1.0726653
3139	1.1046882
314	1.1972209
3140	1.3699387
3141	1.0068493
3142	1.1220624
3143	1.0181844
3144	1.0855376
3145	0.97983366
3146	1.0321308
3147	1.1429622
3148	1.1404592
3149	0.9678466
315	1.4482054
3150	1.06386
3151	1.3019148
3152	1.0202544
3153	0.96477956
3154	1.3184599
3155	1.2542858
3156	1.0446973
3157	1.3578713
3158	1.3385663
3159	1.1196831
316	1.015594
3160	1.0474215
3161	1.123615
3162	1.1432971
3163	1.2271161
3164	0.9838153
3165	0.91980135
3166	0.9621885
3167	1.2398472
3168	1.1764965
3169	1.2059842
317	1.1204102
3170	0.91943806
3171	1.3120062
3172	1.2067511
3173	1.3421983
3174	1.0418487
3175	1.4341601
3176	1.0957773
3177	1.1908934
3178	1.5918912
3179	1.2940102
318	1.1202497
3180	1.1124756
3181	1.1016644
3182	1.0556724
3183	1.1518106
3184	1.0909908
3185	1.1210929
3186	1.1777425
3187	1.0630736
3188	1.0744357
3189	1.0137237
319	1.1984738
3190	1.0301183
3191	1.3139654
3192	1.0951589
3193	1.0313357
3194	1.2553737
3195	0.97730315
3196	1.1864656
3197	1.0060632
3198	0.9432923
3199	1.0711344
32	1.1661907
320	1.080374
3200	0.95236015
3201	1.0579302
3202	1.1744394
3203	1.1627729
3204	1.2235724
3205	1.1117364
3206	1.1750492
3207	1.006541
3208	1.0580498
3209	1.1471593
321	1.1207917
3210	1.1535354
3211	1.3096223
3212	1.1256775
3213	1.1809572
3214	1.187317
3215	1.1296874
3216	0.8565434
3217	0.9151268
3218	1.074972
3219	1.0987203
322	1.1747961
3220	1.4145149
3221	1.0708439
3222	0.9362006
3223	1.0219063
3224	0.9857879
3225	1.127011
3226	0.92909974
3227	1.0152314
3228	0.9589802
3229	1.1948767
323	1.1376082
3230	1.2083677
3231	0.9812906
3232	0.84502876
3233	1.222692
3234	1.1334379
3235	1.1965607
3236	1.0637766
3237	1.4141214
3238	1.2399931
3239	0.93325377
324	1.0923195
3240	0.8642976
3241	1.1776556
3242	1.0928308
3243	1.0807304
3244	1.099901
3245	1.0609659
3246	1.0088058
3247	1.078106
3248	1.1254768
3249	1.0190184
325	0.9752588
3250	1.185911
3251	0.94519794
3252	1.014902
3253	1.0119569
3254	1.0577773
3255	1.1000167
3256	0.99455
3257	1.3206378
3258	1.2899077
3259	1.1255485
326	0.93431586
3260	1.1892756
3261	1.07254
3262	1.1192228
3263	1.1318605
3264	1.091086
3265	0.9312576
3266	1.0115371
3267	1.0186881
3268	1.0820812
3269	0.8745389
327	1.4159639
3270	1.1130143
3271	1.124521
3272	0.88387233
3273	1.1705332
3274	1.1341674
3275	0.9547729
3276	0.9157194
3277	1.4184887
3278	1.1490206
3279	1.1180152
328	1.2902788
3280	1.1626209
3281	1.0864661
3282	1.1317364
3283	0.93196565
3284	0.9201304
3285	0.8942098
3286	1.0831326
3287	1.1765156
3288	1.1665325
3289	1.0640326
329	1.1269476
3290	0.8182323
3291	1.08355
3292	1.0790887
3293	1.0961263
3294	1.1996495
3295	1.0178912
3296	1.1137112
3297	1.1818355
3298	1.4948716
3299	1.2011564
33	1.1527576
330	0.9754682
3300	1.3287572
3301	1.0704429
3302	1.0806398
3303	1.0863488
3304	1.0620918
3305	0.935267
3306	0.91900295
3307	1.4493539
3308	0.96729124
3309	0.97575164
331	1.0453395
3310	0.9281719
3311	1.1511636
3312	1.0482006
3313	1.1467624
3314	0.9483239
3315	0.9074653
3316	1.1228578
3317	1.0557765
3318	1.3196144
3319	1.2569684
332	1.0564878
3320	0.95252156
3321	1.0282447
3322	1.1379862
3323	1.2190651
3324	1.1788073
3325	1.0914407
3326	1.016447
3327	1.2234448
3328	1.226337
3329	1.1692865
333	1.2043674
3330	1.0799708
3331	1.016664
3332	1.2002953
3333	1.0778841
3334	1.0241418
3335	1.1244828
3336	1.159831
3337	1.02103
3338	1.1793886
3339	0.9889121
334	1.046256
3340	1.1112678
3341	1.0135136
3342	0.87223285
3343	1.3655757
3344	1.0376999
3345	1.1494231
3346	1.1086946
3347	1.1040955
3348	1.0653869
3349	1.0567726
335	1.0994427
3350	0.997038
3351	1.2932497
3352	1.1468443
3353	1.2216338
3354	1.1002411
3355	0.99888146
3356	1.032971
3357	1.0730507
3358	1.127776
3359	1.2512478
336	1.0079857
3360	1.0151211
3361	1.2200376
3362	1.2526025
3363	0.9245776
3364	0.9970962
3365	1.0578036
3366	0.99223256
3367	1.0516078
3368	0.93251467
3369	1.0173559
337	0.96070254
3370	1.0545775
3371	1.0173429
3372	0.9725274
3373	1.1562299
3374	1.1086184
3375	0.98654217
3376	0.9531234
3377	0.96858925
3378	1.1027788
3379	0.96842045
338	1.2423358
3380	1.0280479
3381	1.3619889
3382	1.2073373
3383	1.1611247
3384	1.1497369
3385	1.1175182
3386	1.1102843
3387	1.1323041
3388	1.150571
3389	0.99918777
339	1.080312
3390	1.1915855
3391	0.9105596
3392	1.1120994
3393	1.1633844
3394	1.3441241
3395	1.3669242
3396	1.2549708
3397	0.9768104
3398	1.0035133
3399	1.0986886
34	1.2623533
340	1.023104
3400	1.3112656
3401	1.0791701
3402	1.130368
3403	0.9354093
3404	1.010174
3405	1.0134922
3406	1.036399
3407	1.0654839
3408	1.1008521
3409	1.4054632
341	1.213547
3410	0.9905922
3411	1.0754167
3412	1.3777541
3413	1.0795505
3414	1.0309637
3415	1.1006192
3416	1.159158
3417	1.184221
3418	1.1231365
3419	1.1405857
342	1.2011892
3420	0.9059053
3421	0.8975672
3422	1.1048003
3423	0.85726416
3424	1.1047323
3425	0.9974892
3426	1.0951463
3427	1.0445268
3428	1.2076856
3429	1.2815566
343	1.3800493
3430	1.0259879
3431	1.2227709
3432	1.0421457
3433	0.9627837
3434	0.98309803
3435	1.0316976
3436	1.1255776
3437	1.073499
3438	0.9309311
3439	0.9796157
344	0.9969108
3440	1.0301588
3441	1.0203375
3442	1.1308225
3443	1.0193908
3444	0.88640165
3445	1.0350777
3446	1.0023675
3447	1.0381564
3448	1.1831865
3449	1.0509005
345	1.1607417
3450	1.3353179
3451	0.9260185
3452	1.2607495
3453	0.9070139
3454	1.3269745
3455	1.3693914
3456	0.6824532
3457	1.1311703
3458	1.0067809
3459	0.9602127
346	1.0529404
3460	1.0647933
3461	1.1287831
3462	1.2770916
3463	0.97974294
3464	0.965666
3465	1.1094525
3466	1.0054468
3467	1.137469
3468	1.2135543
3469	1.0836291
347	1.0994369
3470	1.1698047
3471	1.2797208
3472	1.432819
3473	1.1718113
3474	0.95285285
3475	1.068248
3476	1.1942587
3477	1.081583
3478	0.8872589
3479	1.1313117
348	1.1635579
3480	0.8793226
3481	1.1086528
3482	1.1847116
3483	1.1831425
3484	1.088819
3485	1.0808166
3486	1.1318156
3487	1.1713054
3488	0.9544713
3489	1.0036262
349	1.0568438
3490	1.0407748
3491	1.0858448
3492	1.1109475
3493	1.0517467
3494	1.0224555
3495	1.00001
3496	1.1019163
3497	1.2740312
3498	1.2630786
3499	1.3479367
35	1.1273278
350	1.2536697
3500	1.0463048
3501	1.3021187
3502	1.3192786
3503	1.1012902
3504	1.164802
3505	1.3128928
3506	1.155012
3507	1.0343118
3508	1.2097114
3509	1.1163917
351	0.8422184
3510	0.9628909
3511	1.1476911
3512	1.0627491
3513	0.91545117
3514	1.0558643
3515	0.97663695
3516	1.5866905
3517	1.0677478
3518	1.317962
3519	1.0388551
352	1.1349206
3520	1.033725
3521	1.2046368
3522	0.882292
3523	0.9642197
3524	1.202312
3525	1.113195
3526	1.1008333
3527	1.0788649
3528	1.1931416
3529	1.0716155
353	0.9262953
3530	1.1506388
3531	1.3206991
3532	1.0891693
3533	1.0308836
3534	1.2180665
3535	1.0292734
3536	1.0941899
3537	1.0573106
3538	1.1030755
3539	1.0097022
354	1.241116
3540	0.96659005
3541	1.0013458
3542	1.0880681
3543	1.247572
3544	0.87972957
3545	1.1223333
3546	1.1343279
3547	1.2801158
3548	1.1022593
3549	0.96720517
355	1.0066446
3550	1.3189833
3551	0.9803108
3552	1.2025182
3553	1.065495
3554	1.0680275
3555	1.0628273
3556	0.9280126
3557	1.0061091
3558	1.2125036
3559	0.9900292
356	0.9892737
3560	0.96927184
3561	0.9748616
3562	0.9420442
3563	1.0440536
3564	1.1480565
3565	1.3774021
3566	1.0263346
3567	1.030567
3568	1.2430539
3569	0.9582307
357	1.0240318
3570	1.0773728
3571	1.0265914
3572	1.2223994
3573	1.14386
3574	1.244046
3575	0.8442325
3576	1.1214201
3577	1.1243554
3578	1.3787593
3579	1.0909016
358	0.9075411
3580	1.408048
3581	1.055014
3582	1.020557
3583	1.124583
3584	1.090169
3585	1.1787113
3586	1.1752443
3587	1.0346708
3588	1.0038704
3589	1.2935233
359	1.0726875
3590	0.9531137
3591	1.1618437
3592	1.0886596
3593	0.9842395
3594	1.1136838
3595	1.2544014
3596	1.2349238
3597	1.1162419
3598	1.165365
3599	1.0396844
36	1.106
360	1.1605079
3600	0.96795326
3601	0.96486825
3602	1.2823694
3603	1.1653479
3604	1.038097
3605	0.90807676
3606	1.0789467
3607	1.06023
3608	0.9594085
3609	0.9721634
361	1.146991
3610	0.974377
3611	1.010795
3612	0.99502635
3613	0.98034805
3614	1.11969
3615	1.0831121
3616	1.385641
3617	1.0155975
3618	1.2591455
3619	1.1493871
362	1.1420125
3620	1.3051121
3621	1.3217345
3622	0.97074115
3623	0.970042
3624	0.949079
3625	1.1459476
3626	1.0120606
3627	1.0474561
3628	1.1821917
3629	1.0209723
363	1.011669
3630	0.9232966
3631	1.1522721
3632	0.98949957
3633	1.2181237
3634	0.9228654
3635	1.1278225
3636	1.2206515
3637	1.0708331
3638	1.1059389
3639	1.106221
364	1.0724921
3640	1.0742522
3641	0.98539495
3642	1.0615155
3643	1.222633
3644	1.1908249
3645	1.2579186
3646	1.2140675
3647	1.0304991
3648	0.95775145
3649	0.87973636
365	1.2678546
3650	0.8238254
3651	1.0015379
3652	1.3848898
3653	1.1715741
3654	1.0922085
3655	1.0306016
3656	0.9394962
3657	1.0585207
3658	1.125328
3659	1.0215687
366	1.2065268
3660	1.1486022
3661	1.2978127
3662	1.0581253
3663	1.2620381
3664	1.1445826
3665	1.1743063
3666	0.95290834
3667	0.91676223
3668	1.0913364
3669	1.0999974
367	1.1422412
3670	1.0885262
3671	1.1467099
3672	0.9783257
3673	1.1038376
3674	1.2504057
3675	1.1605146
3676	1.2297617
3677	1.1678176
3678	1.3501734
3679	1.1694785
368	1.2912186
3680	1.0444598
3681	1.1887834
3682	1.191081
3683	0.9144358
3684	0.8956789
3685	1.1185498
3686	0.9810118
3687	1.0357989
3688	1.0965847
3689	1.0603458
369	1.059233
3690	1.0699703
3691	1.3098792
3692	1.2936416
3693	1.1727245
3694	1.3122872
3695	0.954245
3696	1.1637232
3697	1.1532667
3698	1.0361307
3699	1.255628
37	0.97471166
370	1.1950264
3700	0.93876857
3701	1.0168008
3702	1.165216
3703	0.9537122
3704	1.1608086
3705	1.1273266
3706	1.3512261
3707	1.0880805
3708	1.0365272
3709	1.0118587
371	0.9824653
3710	1.1415817
3711	1.2543931
3712	1.1687754
3713	1.0944649
3714	1.0240605
3715	0.9702157
3716	1.1093103
3717	1.0913419
3718	1.1215045
3719	1.1229048
372	1.1067067
3720	1.3508893
3721	1.0790291
3722	1.1601219
3723	1.0365415
3724	1.2184556
3725	0.9937287
3726	1.2010852
3727	1.0764123
3728	1.0211184
3729	1.3222841
373	1.3317523
3730	0.8890048
3731	1.2017549
3732	0.8636503
3733	0.951094
3734	1.1196251
3735	0.94494104
3736	1.1552961
3737	1.0986894
3738	1.1652879
3739	0.909568
374	1.0297282
3740	1.0244796
3741	1.1476532
3742	0.8933416
3743	1.0804275
3744	1.1350111
3745	1.0735669
3746	1.0271045
3747	1.236203
3748	1.1906565
3749	1.0128443
375	1.1662921
3750	1.120869
3751	1.2013333
3752	1.166097
3753	1.0276858
3754	1.0763036
3755	1.2362508
3756	1.070975
3757	1.0798867
3758	1.1755193
3759	0.9742055
376	1.2656492
3760	1.1713666
3761	1.0428547
3762	1.0031375
3763	1.2646583
3764	1.1674427
3765	1.0369908
3766	1.0850002
3767	1.1004294
3768	0.9699519
3769	1.1114243
377	1.1411817
3770	1.2245427
3771	1.238723
3772	0.97094226
3773	0.92720854
3774	1.1400563
3775	1.1110923
3776	1.184506
3777	1.0465308
3778	1.0336633
3779	1.064233
378	1.178736
3780	1.153742
3781	1.40928
3782	0.90041363
3783	0.94996107
3784	1.1011604
3785	1.2676203
3786	1.1329073
3787	1.0432287
3788	1.1307393
3789	0.9770314
379	0.95701504
3790	1.3015606
3791	0.99372643
3792	1.002602
3793	1.0326461
3794	1.2777578
3795	1.0748819
3796	1.0317994
3797	1.2134534
3798	0.8245592
3799	1.2638533
38	1.1523073
380	0.9668037
3800	1.1665957
3801	1.0366439
3802	1.3213816
3803	1.105389
3804	0.8682462
3805	1.0453581
3806	1.0443943
3807	1.085822
3808	0.9829013
3809	1.0780616
381	1.1489277
3810	1.0807054
3811	1.1802372
3812	1.0088048
3813	1.2026552
3814	0.9787863
3815	1.2128298
3816	1.0126655
3817	1.0075617
3818	1.0434616
3819	0.9836147
382	1.2167878
3820	0.96478736
3821	1.114216
3822	1.275066
3823	1.0866002
3824	1.2520015
3825	0.97462744
3826	1.0186206
3827	1.0236478
3828	1.070467
3829	1.0088022
383	1.0165235
3830	1.1625482
3831	1.1040336
3832	1.0757395
3833	1.0115327
3834	1.0196497
3835	1.0112401
3836	1.1074988
3837	1.3416027
3838	1.3345811
3839	1.3778484
384	0.9826861
3840	1.0279335
3841	1.3351701
3842	1.1944281
3843	0.8624106
3844	0.8258967
3845	0.8470909
3846	1.2094438
3847	1.0381047
3848	0.9556483
3849	0.966062
385	0.94506717
3850	0.9551483
3851	0.9538721
3852	1.3372178
3853	0.9104334
3854	1.0422632
3855	1.1373692
3856	1.0579588
3857	1.2130702
3858	1.0204493
3859	0.9933976
386	1.0239714
3860	0.99943334
3861	1.3023616
3862	1.1565938
3863	1.0849612
3864	0.851337
3865	1.1698022
3866	1.0730199
3867	1.1306876
3868	1.1844249
3869	1.2530243
387	1.1568072
3870	1.022619
3871	1.0808082
3872	0.952441
3873	1.005867
3874	1.1398102
3875	0.92238593
3876	0.9825713
3877	0.9765741
3878	1.3603982
3879	1.0272608
388	1.1941088
3880	0.9782307
3881	1.2874302
3882	1.0517416
3883	1.1169318
3884	1.1547189
3885	1.1212296
3886	1.0220401
3887	1.2009649
3888	1.2004842
3889	0.9900581
389	1.0102401
3890	1.0709155
3891	1.2213061
3892	0.9534182
3893	0.91435134
3894	1.0442948
3895	0.99531984
3896	1.2721714
3897	1.1328368
3898	0.9374496
3899	1.0596832
39	1.1351128
390	1.013645
3900	1.0129923
3901	1.1541673
3902	1.2650404
3903	1.0427817
3904	1.3045746
3905	0.94990355
3906	1.2781904
3907	0.97847325
3908	1.3420635
3909	1.386403
391	1.1812595
3910	1.0896844
3911	1.1090357
3912	0.8980072
3913	1.2757475
3914	1.1043289
3915	1.1846819
3916	1.1196959
3917	1.1117911
3918	1.1279553
3919	1.0066131
392	1.3707255
3920	1.0961246
3921	0.9723986
3922	1.2707804
3923	1.1138629
3924	1.0750057
3925	1.1082164
3926	0.98608553
3927	0.9979126
3928	1.0407406
3929	1.2745001
393	0.9297237
3930	1.052133
3931	1.0833067
3932	1.0755838
3933	1.1643945
3934	1.1182022
3935	1.0880142
3936	1.0186992
3937	1.1948279
3938	0.9066984
3939	1.3805232
394	1.0426459
3940	1.1230695
3941	1.1617874
3942	1.0742445
3943	1.1082317
3944	1.0777999
3945	1.0017632
3946	1.0893184
3947	0.9907548
3948	0.98762673
3949	1.0111891
395	0.8638743
3950	1.2432072
3951	1.1644641
3952	1.2650335
3953	1.3065994
3954	1.0478898
3955	1.0295731
3956	1.2573593
3957	1.0845506
3958	0.9578692
3959	1.2002176
396	1.366329
3960	1.0813446
3961	1.1510618
3962	0.7764249
3963	1.1492971
3964	1.082347
3965	1.0461098
3966	0.91166437
3967	1.0517188
3968	1.0304074
3969	1.1603322
397	0.99815476
3970	0.9672308
3971	1.187104
3972	1.050914
3973	1.2402972
3974	0.90540546
3975	0.9910809
3976	1.3938091
3977	1.0308264
3978	1.1474129
3979	1.4058084
398	1.1679809
3980	1.0591372
3981	1.0864542
3982	1.0616952
3983	1.0960504
3984	0.9905481
3985	1.2633661
3986	1.0809563
3987	0.9299081
3988	1.1928011
3989	1.1429015
399	1.0950365
3990	0.93331957
3991	1.1105847
3992	0.9775615
3993	1.0437702
3994	1.1081419
3995	1.1299434
3996	1.051602
3997	1.0002174
3998	1.1715384
3999	1.3203467
4	1.2983173
40	1.0640407
400	1.001309
4000	1.1449986
4001	0.9623926
4002	1.2619036
4003	1.0868953
4004	1.0129095
4005	1.3246055
4006	1.2794198
4007	1.13152
4008	1.0605066
4009	1.0462437
401	1.1228807
4010	1.1320057
4011	1.0777218
4012	1.0134953
4013	1.1522897
4014	1.1397628
4015	1.051385
4016	0.83079135
4017	1.0229565
4018	1.0270151
4019	1.0123535
402	1.3568978
4020	1.1211839
4021	1.0997126
4022	1.1080449
4023	0.88810223
4024	1.1862855
4025	1.0409244
4026	0.9122072
4027	1.1786599
4028	1.343853
4029	0.96598434
403	1.2269347
4030	1.1316979
4031	1.1319346
4032	1.3700931
4033	1.0789046
4034	1.1926279
4035	1.1218317
4036	1.0680761
4037	1.052776
4038	1.160864
4039	1.0915822
404	1.0701027
4040	1.1199251
4041	1.0807331
4042	1.03766
4043	1.030922
4044	1.224657
4045	0.97282875
4046	1.190628
4047	1.0468123
4048	1.1283765
4049	1.0271785
405	1.1896079
4050	1.1068504
4051	1.0501249
4052	1.061033
4053	1.0268011
4054	1.0652552
4055	0.95203316
4056	1.0359432
4057	1.0755613
4058	1.2178533
4059	1.1274587
406	0.92723185
4060	0.9010601
4061	1.086796
4062	1.3930146
4063	0.9404466
4064	1.0807818
4065	1.18005
4066	1.1965538
4067	0.8644524
4068	1.088606
4069	1.0805285
407	1.2671216
4070	0.9289167
4071	1.1724044
4072	1.115869
4073	1.1909662
4074	1.148912
4075	1.2440296
4076	1.3096447
4077	1.2437305
4078	1.099546
4079	1.1207477
408	1.1014042
4080	1.0652002
4081	1.1068907
4082	1.2393004
4083	1.1521358
4084	1.0670305
4085	1.087847
4086	1.0544108
4087	1.1710266
4088	1.0878056
4089	0.9022744
409	1.1437186
4090	1.1613656
4091	1.2737981
4092	1.1622148
4093	1.0668404
4094	1.2392391
4095	1.2125956
4096	1.199418
4097	1.2036344
4098	0.9965269
4099	1.1089742
41	0.78678507
410	0.9290306
4100	0.9974001
4101	1.3608452
4102	1.0931033
4103	1.0131813
4104	1.0270355
4105	1.2645937
4106	0.98813915
4107	1.2156464
4108	1.1529979
4109	1.1235212
411	0.9139756
4110	1.2424635
4111	1.0528058
4112	1.1871127
4113	1.2019304
4114	1.2123592
4115	0.9662459
4116	1.0040134
4117	1.0377966
4118	1.1633072
4119	0.99247855
412	1.2462443
4120	1.161524
4121	1.0546954
4122	1.174295
4123	1.1402563
4124	0.98682725
4125	1.2804095
4126	1.1045558
4127	1.046591
4128	1.2540715
4129	0.98445797
413	1.0449555
4130	1.0801469
4131	1.0019209
4132	1.2982647
4133	0.9387946
4134	1.2706317
4135	0.99031895
4136	1.2299694
4137	1.2698798
4138	0.92407554
4139	1.1201732
414	1.1033236
4140	1.063736
4141	0.96897894
4142	1.3270931
4143	1.1194357
4144	1.082735
4145	1.0553714
4146	0.9294327
4147	0.99252266
4148	1.2317542
4149	1.0754136
415	0.8584643
4150	1.2464176
4151	1.1155539
4152	1.3991656
4153	0.9929712
4154	1.0754313
4155	1.0202576
4156	1.125424
4157	1.0468513
4158	1.237163
4159	0.9869584
416	1.1665738
4160	1.1507674
4161	1.06951
4162	1.0935106
4163	1.2686217
4164	1.2557627
4165	1.0759274
4166	1.060515
4167	1.1030114
4168	1.2340801
4169	1.0802469
417	1.2001185
4170	1.0822715
4171	1.1033317
4172	1.0834118
4173	1.1391608
4174	1.1607397
4175	1.1658957
4176	1.112971
4177	0.9934027
4178	1.111727
4179	0.9012704
418	0.9331713
4180	1.4497051
4181	1.0857399
4182	1.1300348
4183	1.1764708
4184	1.1773258
4185	1.0495042
4186	1.3180627
4187	1.1311166
4188	1.2026585
4189	1.3127997
419	1.145622
4190	1.1559671
4191	1.1342309
4192	1.1213447
4193	1.0496991
4194	0.98076636
4195	1.1140293
4196	1.140983
4197	0.98548913
4198	1.2093577
4199	0.9405345
42	0.9446343
420	1.0598241
4200	1.2682796
4201	1.0785202
4202	0.82874393
4203	1.3621407
4204	1.0347735
4205	1.2272912
4206	1.2724314
4207	0.87288815
4208	1.0893418
4209	1.0009308
421	0.9597419
4210	0.9489721
4211	1.250852
4212	0.94122905
4213	1.182959
4214	1.1011628
4215	1.0625552
4216	1.0584209
4217	1.1005951
4218	1.2214226
4219	0.8996666
422	1.0422437
4220	1.3338532
4221	1.0321281
4222	1.5517354
4223	1.1138301
4224	1.1557021
4225	1.0801616
4226	1.3015416
4227	0.95549875
4228	1.1853793
4229	1.0080612
423	1.1521354
4230	0.9952232
4231	1.0690746
4232	1.0173703
4233	1.3107382
4234	1.0569086
4235	1.0508615
4236	0.97441316
4237	1.1302354
4238	0.8280661
4239	1.149155
424	1.1650906
4240	1.2787399
4241	0.99527824
4242	0.986389
4243	0.97914726
4244	1.0407869
4245	1.1752818
4246	0.9576159
4247	1.158049
4248	1.0622349
4249	1.0302666
425	1.2408512
4250	1.1069434
4251	1.1650686
4252	1.2253417
4253	0.9773481
4254	1.3588737
4255	1.2114801
4256	0.9847389
4257	1.2195272
4258	0.9138738
4259	1.1982555
426	1.1003834
4260	1.0709028
4261	1.0657759
4262	0.9172556
4263	1.1297388
4264	1.0405489
4265	1.052778
4266	1.2682672
4267	1.0482516
4268	1.2049326
4269	0.97595215
427	1.0681738
4270	0.98626673
4271	1.0208862
4272	1.3118302
4273	1.1148256
4274	1.0425311
4275	0.91267043
4276	1.2230334
4277	1.3802327
4278	0.922832
4279	0.9206072
428	1.3573018
4280	0.9323315
4281	1.0602007
4282	1.14502
4283	1.021954
4284	0.80467683
4285	1.0636749
4286	1.0521119
4287	0.98593074
4288	1.1429772
4289	1.0225348
429	1.1068646
4290	1.1351789
4291	1.1231347
4292	1.127877
4293	1.2105913
4294	0.985431
4295	1.260017
4296	1.1168267
4297	1.1469445
4298	1.131481
4299	1.2402285
43	1.2788175
430	1.15614
4300	1.159443
4301	1.2161733
4302	0.89806956
4303	1.0107257
4304	1.1570774
4305	1.0090163
4306	0.8012147
4307	1.2335947
4308	1.2580965
4309	1.0838451
431	1.1240841
4310	1.2441318
4311	1.1053863
4312	1.1156175
4313	1.5139143
4314	1.0063877
4315	0.83246905
4316	1.1653647
4317	1.1133373
4318	1.3322808
4319	1.1876421
432	1.1238189
4320	1.076332
4321	1.0662537
4322	1.2279428
4323	1.0585093
4324	1.0064254
4325	1.3729032
4326	1.1594986
4327	0.9850281
4328	1.2234242
4329	1.1596092
433	0.99457145
4330	0.947991
4331	0.9500311
4332	1.0014521
4333	1.0288342
4334	1.0666157
4335	1.1181026
4336	1.1354506
4337	1.1259129
4338	1.3950226
4339	1.0344073
434	1.1560639
4340	1.0045053
4341	0.9824257
4342	1.1622816
4343	1.21056
4344	1.1228005
4345	1.2021372
4346	1.0888679
4347	1.3177475
4348	1.0182792
4349	1.1548145
435	1.1010598
4350	1.1291003
4351	1.1032346
4352	1.0158799
4353	0.9996657
4354	0.9929587
4355	1.1536729
4356	0.89992476
4357	1.2384983
4358	1.1968354
4359	1.023526
436	1.033197
4360	1.1788744
4361	1.2336181
4362	1.0801234
4363	1.2088574
4364	0.96346796
4365	1.132844
4366	1.3457811
4367	1.023424
4368	0.9100446
4369	1.0764846
437	1.4114835
4370	1.1670997
4371	0.96211743
4372	0.9712713
4373	0.9390179
4374	1.0070713
4375	1.0054462
4376	1.2540687
4377	1.0437195
4378	1.015607
4379	1.0370439
438	1.1472263
4380	1.0442562
4381	0.90981936
4382	1.1893514
4383	1.0091575
4384	1.041057
4385	0.95424795
4386	1.0789815
4387	1.0394194
4388	1.0704587
4389	1.019769
439	0.96804404
4390	1.1631503
4391	1.1280224
4392	1.0947638
4393	1.0281999
4394	1.007131
4395	0.9772426
4396	1.1006173
4397	1.1957024
4398	1.1391706
4399	1.0016474
44	0.96966153
440	1.1895255
4400	1.0828344
4401	1.0467873
4402	1.1434075
4403	1.2742333
4404	1.1747495
4405	1.0286375
4406	0.9046359
4407	1.2301215
4408	1.0654392
4409	1.1562796
441	1.241567
4410	1.1873274
4411	1.2535652
4412	1.0574025
4413	0.9784828
4414	1.0426261
4415	1.1143563
4416	1.202816
4417	1.0189097
4418	1.0060558
4419	0.92706275
442	0.798308
4420	0.9545762
4421	1.1235309
4422	1.0116109
4423	1.3374424
4424	1.0701818
4425	1.1575584
4426	1.1539596
4427	0.9273083
4428	1.2043558
4429	1.0182289
443	0.8878489
4430	1.158898
4431	1.1577955
4432	0.9239544
4433	1.1348912
4434	1.0551659
4435	1.3119112
4436	1.1124141
4437	0.9500897
4438	0.95770496
4439	1.0738249
444	1.4003966
4440	1.030553
4441	1.0212158
4442	0.94691545
4443	1.1720277
4444	1.0153943
4445	1.2472473
4446	1.0631243
4447	1.2313446
4448	0.9626393
4449	0.85086316
445	0.91152763
4450	0.9839855
4451	1.2226903
4452	1.0918365
4453	1.0241766
4454	0.8698366
4455	1.222742
4456	1.1352516
4457	1.3774836
4458	0.91575885
4459	1.047985
446	0.9375212
4460	1.0297694
4461	1.1042877
4462	1.0722219
4463	1.0747291
4464	1.4836321
4465	1.1167239
4466	1.0391773
4467	1.1997734
4468	1.0508705
4469	0.7651537
447	1.2758615
4470	1.2019578
4471	1.1858575
4472	1.0516051
4473	1.0876751
4474	1.049707
4475	1.3229592
4476	1.0082184
4477	1.0952344
4478	0.97481704
4479	0.95871574
448	1.3576354
4480	1.2725387
4481	1.0866388
4482	1.1348816
4483	1.2288164
4484	1.1653908
4485	0.98670805
4486	1.2796147
4487	1.0700812
4488	0.96452826
4489	0.9852846
449	1.3863976
4490	0.95455843
4491	1.0936217
4492	1.1109854
4493	1.121335
4494	1.0361514
4495	1.2433678
4496	1.016709
4497	0.9521351
4498	1.1710801
4499	1.2203395
45	0.9631319
450	1.2178197
451	1.1081594
452	0.9921147
453	1.1921737
454	1.2185755
455	1.2136835
456	1.0345405
457	1.0843145
458	1.2869711
459	1.0011824
46	1.0429457
460	1.1860994
461	1.2061948
462	0.99796987
463	0.99963516
464	1.2253517
465	1.1973302
466	1.0695738
467	1.0236804
468	1.1119946
469	1.1295255
47	1.0906246
470	1.0522089
471	0.979344
472	1.0741924
473	1.0000837
474	1.0780705
475	1.3090981
476	1.0875124
477	1.0348834
478	1.2914983
479	1.1199739
48	1.0645863
480	1.0393292
481	1.0951484
482	0.99435115
483	1.0453546
484	1.1925261
485	1.1889848
486	0.9118047
487	1.2478347
488	1.0200522
489	0.941438
49	1.2541417
490	0.9689545
491	0.8057653
492	0.98402077
493	1.0874867
494	0.93732905
495	1.1263313
496	1.1528382
497	1.0790329
498	0.9670444
499	0.9507706
5	1.2918708
50	0.97648114
500	1.2454845
501	0.8552478
502	1.09889
503	1.212949
504	1.0481918
505	0.9719396
506	1.203704
507	0.9179578
508	1.0551281
509	1.0981566
51	1.3747722
510	1.3781644
511	1.0604168
512	1.3627849
513	1.0363798
514	1.0832938
515	0.58426726
516	1.0050899
517	1.0969745
518	0.93001854
519	1.1592374
52	0.94377786
520	1.0986595
521	1.2537133
522	1.2718059
523	1.1091154
524	0.94305617
525	0.97848445
526	0.94212866
527	1.0595618
528	1.1405314
529	1.0845697
53	0.9031678
530	1.1100482
531	1.4265906
532	1.1238811
533	1.1973141
534	1.0094593
535	1.0197934
536	1.0920575
537	1.2512
538	1.0125308
539	1.255911
54	1.0339364
540	0.94515043
541	1.1347375
542	0.88410527
543	1.2714494
544	1.1451529
545	1.1821591
546	1.2943639
547	1.0390991
548	1.2339844
549	0.99030805
55	1.0852156
550	1.0316573
551	1.1025952
552	1.1621078
553	1.2623929
554	1.2167155
555	0.9496444
556	1.0564414
557	1.1658256
558	1.1956723
559	1.3399775
56	0.99088645
560	1.0576414
561	0.9950109
562	1.0788288
563	1.0036515
564	0.988398
565	1.2635628
566	1.1014915
567	0.92589664
568	1.1694763
569	1.0484712
57	1.0351677
570	1.172445
571	1.0521411
572	1.039817
573	1.1681076
574	0.9732359
575	1.057241
576	1.1958741
577	0.9401039
578	0.9437878
579	0.9341948
58	0.9522356
580	1.1244348
581	1.123093
582	1.1197184
583	1.1035091
584	1.063248
585	1.0122083
586	1.0276625
587	1.147964
588	1.060685
589	1.0839336
59	1.0570415
590	1.1307626
591	1.1652374
592	0.96659535
593	1.2946653
594	1.3632665
595	1.0713503
596	1.1153061
597	1.3010418
598	1.1748563
599	0.8459609
6	1.2896298
60	1.0821155
600	1.0886853
601	1.2578576
602	1.1575859
603	1.1858797
604	1.2184469
605	1.1248895
606	1.0962828
607	0.9394042
608	1.1276642
609	1.118925
61	1.2741995
610	1.3866173
611	1.0364218
612	0.90324926
613	1.272684
614	1.3347632
615	1.0011878
616	1.3668742
617	1.0912642
618	1.1647005
619	1.0780227
62	0.9965982
620	1.1683738
621	1.2134761
622	1.223938
623	1.2453439
624	1.0413628
625	0.96671724
626	0.9686207
627	1.2529016
628	1.1406232
629	0.888017
63	0.99044347
630	1.1692296
631	1.0049227
632	1.1759335
633	1.1532203
634	0.999403
635	1.1180956
636	0.91012067
637	1.0680832
638	1.1234136
639	1.2413125
64	1.1569376
640	1.0457686
641	0.880546
642	1.162776
643	1.0678703
644	1.1008514
645	0.892623
646	0.9552619
647	1.1285104
648	1.2753315
649	1.4873947
65	1.1292381
650	1.1942037
651	1.1620071
652	0.8904011
653	1.085823
654	0.99937695
655	1.2150329
656	1.2929165
657	1.085724
658	0.96723455
659	1.1898749
66	1.1100202
660	0.9206377
661	0.9707346
662	0.95274657
663	1.091291
664	1.1305652
665	1.035192
666	1.2437072
667	1.0784806
668	1.110163
669	1.1725099
67	1.1056759
670	0.99879676
671	1.0118244
672	0.9475184
673	1.2318661
674	1.0987067
675	1.2701116
676	1.1904228
677	1.0964013
678	1.1919754
679	1.2999821
68	1.1702744
680	1.1236292
681	1.0581844
682	1.020239
683	1.1306437
684	1.0154699
685	1.0420425
686	0.9965906
687	1.2226317
688	0.99119765
689	0.9126675
69	1.4563609
690	1.0351578
691	1.0718312
692	0.9082643
693	1.1539222
694	0.9810282
695	0.99373835
696	1.0335308
697	1.2991997
698	1.0539069
699	1.1425363
7	1.0698788
70	1.0843748
700	1.1589875
701	0.9534766
702	1.0847431
703	1.055796
704	1.0936909
705	0.92432696
706	1.0187414
707	1.0836833
708	0.9817323
709	1.2005213
71	0.98756903
710	0.9935059
711	0.9347159
712	1.0736922
713	1.1037589
714	1.0436292
715	0.9326794
716	0.93070155
717	1.1130462
718	0.9292781
719	0.9319407
72	1.3164694
720	1.032717
721	1.0240004
722	1.146211
723	1.0856453
724	0.9811865
725	1.1042632
726	1.0076239
727	1.1089653
728	1.2443323
729	1.0768365
73	1.0074811
730	0.98070866
731	1.1498252
732	1.0081797
733	1.1016301
734	0.9364684
735	1.1216089
736	0.9857125
737	1.1822333
738	0.9812752
739	1.1231322
74	0.99046874
740	0.89991033
741	1.0043344
742	1.0129932
743	0.96446544
744	1.1049017
745	1.294518
746	0.9249766
747	1.2633532
748	1.3264318
749	1.1966728
75	1.0150758
750	1.0784384
751	1.1084068
752	1.012143
753	1.1099871
754	0.98167133
755	0.92796177
756	1.151722
757	1.2761315
758	0.94992363
759	0.9487818
76	1.1435305
760	0.99072045
761	1.2459954
762	0.93224233
763	0.9026804
764	1.2220949
765	1.0432056
766	0.9970044
767	1.1146358
768	1.0477972
769	1.1926649
77	1.1260753
770	1.025452
771	1.2989564
772	1.2928643
773	1.1943239
774	1.0216235
775	1.0412964
776	1.231669
777	0.9401698
778	1.3418087
779	1.0913965
78	1.1379623
780	0.94920486
781	1.1618736
782	1.0830346
783	1.0351566
784	1.1492218
785	1.1928926
786	1.1613754
787	1.1608449
788	1.0993606
789	0.9658587
79	0.962023
790	0.9964327
791	1.1517429
792	1.051157
793	1.2848784
794	1.025676
795	1.1389998
796	1.1820629
797	1.0523363
798	0.9408781
799	1.0339241
8	1.3144648
80	1.0072002
800	1.1626098
801	1.200064
802	1.2359208
803	0.991055
804	0.9300635
805	1.2122879
806	1.0608475
807	0.96785533
808	1.1036571
809	1.201415
81	0.9970667
810	1.0418023
811	1.0233842
812	1.3275905
813	1.1876383
814	1.2135271
815	1.1420368
816	1.263298
817	0.8776408
818	0.91693735
819	0.99276215
82	0.9735575
820	1.0740486
821	1.0950838
822	1.1080079
823	1.1126637
824	1.0889049
825	0.96207374
826	1.1877553
827	1.242425
828	1.2124461
829	1.1316867
83	0.8612965
830	1.1114092
831	1.0104105
832	1.1156616
833	0.92161477
834	1.1749822
835	1.2054654
836	1.0546814
837	1.1121248
838	1.183409
839	0.8834769
84	1.09343
840	0.9995862
841	1.0124559
842	1.0818908
843	0.94648856
844	1.2007587
845	1.1107836
846	1.0164816
847	1.2284966
848	1.054372
849	0.93575895
85	0.96581364
850	0.9645927
851	0.98305947
852	1.0387834
853	1.5293114
854	1.008544
855	1.0719649
856	1.0997893
857	1.2976182
858	1.4179951
859	0.9559225
86	1.0861639
860	1.2267675
861	1.1110451
862	0.94469166
863	1.1366494
864	1.1787498
865	1.1862074
866	1.1327032
867	0.9983253
868	1.0314602
869	1.1410094
87	1.1689103
870	1.1697979
871	1.0944109
872	0.9732703
873	1.1285776
874	1.3018557
875	1.2279298
876	1.4301881
877	1.0210571
878	1.2011241
879	1.1288536
88	1.1672485
880	0.9591747
881	1.1900662
882	1.2828084
883	0.9659884
884	1.2394264
885	1.0192597
886	0.8591381
887	1.1898515
888	0.9375771
889	1.093104
89	1.0409384
890	1.1681973
891	1.2099272
892	0.962629
893	1.1151876
894	0.9390742
895	1.0303134
896	0.92832786
897	1.0917839
898	1.0089997
899	1.1529782
9	1.241213
90	1.0009927
900	0.876116
901	1.1680436
902	0.9336904
903	1.0525872
904	1.1171092
905	1.0136061
906	1.1751513
907	0.99608654
908	0.89094585
909	0.9922172
91	1.191429
910	1.1325438
911	1.0923103
912	1.1194834
913	1.2377375
914	1.2822831
915	1.2186579
916	1.2043091
917	1.3620386
918	1.013906
919	1.0704896
92	1.4650481
920	1.2900943
921	1.0192721
922	1.1434304
923	1.2389382
924	1.1412041
925	1.0220848
926	1.3235834
927	1.1831028
928	1.1771126
929	1.0586321
93	1.0807657
930	1.1370118
931	1.0234082
932	1.0218679
933	1.1036705
934	0.96417975
935	0.9442973
936	1.1138415
937	0.9304378
938	0.9689469
939	1.0690084
94	1.1671611
940	1.003782
941	1.1577475
942	1.1154543
943	0.99055994
944	1.057613
945	1.030356
946	1.1583979
947	0.84038264
948	1.2890731
949	1.1239319
95	1.169727
950	1.0601974
951	1.2454158
952	0.8771925
953	0.9917883
954	0.954868
955	1.1555698
956	1.1390007
957	1.1612364
958	1.1585648
959	1.2854913
96	1.087943
960	1.0236567
961	1.006442
962	0.9852917
963	0.9624848
964	1.1811346
965	1.1432916
966	1.1649653
967	1.1743759
968	1.3120774
969	1.0682355
97	0.900441
970	1.0455652
971	1.1520219
972	1.2386374
973	1.1772665
974	0.96254605
975	0.99227786
976	1.0280044
977	1.2432365
978	1.1723824
979	1.2914987
98	0.9847654
980	1.0281489
981	0.9571734
982	1.1551741
983	0.9282609
984	0.9951031
985	1.0589844
986	1.1461246
987	1.1330341
988	1.0053194
989	1.0057099
99	1.049211
990	0.97527814
991	1.1601194
992	0.9476043
993	1.0694895
994	1.0424693
995	0.89288574
996	1.0199475
997	1.2027476
998	1.1660597
999	0.99182606
